IpNode [ID LAYER FIELD TABLE_NUM CHILD_NUM]

0	0	4	1	257
1	1	0	1	6
2	2	6	1	102
3	1	0	1	5
4	2	6	1	141
5	1	0	1	3
6	2	6	1	128
7	1	0	1	4
8	2	6	1	132
9	1	0	1	4
10	2	6	1	125
11	1	0	1	6
12	2	6	1	88
13	1	0	1	4
14	2	6	1	132
15	1	0	1	4
16	2	6	1	125
17	1	0	1	5
18	2	6	1	95
19	1	0	1	4
20	2	6	1	124
21	1	0	1	7
22	2	6	1	22
23	1	0	1	4
24	2	6	1	135
25	1	0	1	6
26	2	6	1	100
27	1	0	1	4
28	2	6	1	126
29	1	0	1	16
30	2	6	1	19
31	1	0	1	5
32	2	6	1	90
33	1	0	1	7
34	2	6	1	17
35	1	0	1	6
36	2	6	1	94
37	1	0	1	17
38	2	6	1	22
39	1	0	1	16
40	2	6	1	25
41	1	0	1	4
42	2	6	1	97
43	1	0	1	4
44	2	6	1	96
45	1	0	1	5
46	2	6	1	101
47	1	0	1	4
48	2	6	1	130
49	1	0	1	17
50	2	6	1	20
51	1	0	1	6
52	2	6	1	87
53	1	0	1	3
54	2	6	1	124
55	1	0	1	5
56	2	6	1	72
57	1	0	1	6
58	2	6	1	11
59	1	0	1	4
60	2	6	1	103
61	1	0	1	8
62	2	6	1	97
63	1	0	1	6
64	2	6	1	75
65	1	0	1	6
66	2	6	1	74
67	1	0	1	18
68	2	6	1	25
69	1	0	1	4
70	2	6	1	130
71	1	0	1	4
72	2	6	1	106
73	1	0	1	6
74	2	6	1	85
75	1	0	1	7
76	2	6	1	94
77	1	0	1	4
78	2	6	1	134
79	1	0	1	5
80	2	6	1	95
81	1	0	1	5
82	2	6	1	133
83	1	0	1	4
84	2	6	1	137
85	1	0	1	4
86	2	6	1	122
87	1	0	1	18
88	2	6	1	25
89	1	0	1	7
90	2	6	1	66
91	1	0	1	3
92	2	6	1	137
93	1	0	1	16
94	2	6	1	25
95	2	6	1	83
96	1	0	1	6
97	2	6	1	23
98	2	6	1	91
99	2	6	1	14
100	1	0	1	19
101	2	6	1	1
102	2	6	1	63
103	2	6	1	10
104	2	6	1	28
105	2	6	1	80
106	2	6	1	8
107	1	0	1	16
108	2	6	1	13
109	2	6	1	79
110	2	6	1	11
111	2	6	1	34
112	1	0	1	5
113	2	6	1	89
114	2	6	1	25
115	1	0	1	6
116	2	6	1	59
117	2	6	1	101
118	2	6	1	21
119	2	6	1	127
120	2	6	1	89
121	2	6	1	80
122	2	6	1	20
123	2	6	1	23
124	1	0	1	4
125	2	6	1	73
126	2	6	1	141
127	2	6	1	28
128	2	6	1	23
129	2	6	1	23
130	1	0	1	5
131	2	6	1	71
132	2	6	1	19
133	2	6	1	95
134	2	6	1	62
135	1	0	1	4
136	2	6	1	85
137	2	6	1	27
138	2	6	1	120
139	2	6	1	89
140	2	6	1	30
141	2	6	1	22
142	2	6	1	46
143	2	6	1	25
144	2	6	1	67
145	1	0	1	5
146	2	6	1	65
147	2	6	1	15
148	1	0	1	4
149	2	6	1	80
150	2	6	1	90
151	2	6	1	137
152	2	6	1	29
153	2	6	1	27
154	2	6	1	56
155	2	6	1	24
156	2	6	1	87
157	2	6	1	18
158	1	0	1	4
159	2	6	1	95
160	2	6	1	30
161	2	6	1	23
162	2	6	1	57
163	2	6	1	131
164	2	6	1	31
165	2	6	1	41
166	2	6	1	22
167	2	6	1	19
168	1	0	1	4
169	2	6	1	110
170	2	6	1	107
171	2	6	1	15
172	2	6	1	120
173	2	6	1	24
174	2	6	1	71
175	2	6	1	50
176	1	0	1	4
177	2	6	1	90
178	2	6	1	28
179	1	0	1	6
180	2	6	1	25
181	2	6	1	25
182	2	6	1	87
183	2	6	1	124
184	2	6	1	24
185	2	6	1	18
186	2	6	1	54
187	2	6	1	97
188	2	6	1	15
189	2	6	1	95
190	2	6	1	4
191	2	6	1	85
192	2	6	1	33
193	2	6	1	24
194	2	6	1	9
195	2	6	1	32
196	2	6	1	89
197	1	0	1	4
198	2	6	1	113
199	2	6	1	17
200	2	6	1	22
201	2	6	1	95
202	2	6	1	137
203	2	6	1	18
204	1	0	1	4
205	2	6	1	131
206	2	6	1	24
207	2	6	1	17
208	2	6	1	3
209	2	6	1	144
210	2	6	1	21
211	1	0	1	5
212	2	6	1	90
213	2	6	1	19
214	2	6	1	134
215	2	6	1	19
216	2	6	1	22
217	2	6	1	91
218	2	6	1	92
219	2	6	1	23
220	1	0	1	5
221	2	6	1	24
222	2	6	1	136
223	2	6	1	29
224	2	6	1	34
225	1	0	1	5
226	2	6	1	63
227	2	6	1	23
228	2	6	1	28
229	2	6	1	110
230	2	6	1	107
231	1	0	1	4
232	2	6	1	30
233	2	6	1	135
234	2	6	1	27
235	2	6	1	98
236	2	6	1	21
237	2	6	1	29
238	2	6	1	114
239	2	6	1	41
240	2	6	1	26
241	1	0	1	5
242	2	6	1	51
243	1	0	1	4
244	2	6	1	30
245	2	6	1	128
246	2	6	1	27
247	2	6	1	87
248	2	6	1	97
249	2	6	1	25
250	2	6	1	88
251	2	6	1	23
252	1	0	1	4
253	2	6	1	51
254	2	6	1	76
255	2	6	1	25
256	2	6	1	134
257	2	6	1	24
258	1	0	1	6
259	2	6	1	15
260	2	6	1	77
261	2	6	1	104
262	2	6	1	20
263	1	0	1	19
264	2	6	1	2
265	1	0	1	8
266	2	6	1	67
267	1	0	1	21
268	2	6	1	18
269	2	6	1	103
270	2	6	1	129
271	2	6	1	20
272	2	6	1	1
273	2	6	1	34
274	2	6	1	58
275	2	6	1	80
276	1	0	1	4
277	2	6	1	80
278	2	6	1	25
279	2	6	1	123
280	2	6	1	25
281	1	0	1	6
282	2	6	1	82
283	2	6	1	8
284	2	6	1	53
285	2	6	1	84
286	1	0	1	4
287	2	6	1	97
288	2	6	1	25
289	2	6	1	30
290	2	6	1	109
291	2	6	1	111
292	2	6	1	23
293	2	6	1	24
294	2	6	1	57
295	2	6	1	19
296	1	0	1	5
297	2	6	1	88
298	2	6	1	19
299	1	0	1	4
300	2	6	1	90
301	2	6	1	20
302	2	6	1	127
303	2	6	1	101
304	2	6	1	84
305	2	6	1	54
306	2	6	1	26
307	1	0	1	5
308	2	6	1	107
309	2	6	1	21
310	2	6	1	135
311	2	6	1	34
312	2	6	1	15
313	2	6	1	14
314	2	6	1	73
315	2	6	1	27
316	1	0	1	4
317	2	6	1	140
318	2	6	1	85
319	2	6	1	18
320	2	6	1	21
321	2	6	1	114
322	2	6	1	26
323	2	6	1	31
324	2	6	1	137
325	2	6	1	65
326	2	6	1	19
327	1	0	1	9
328	2	6	1	36
329	2	6	1	23
330	2	6	1	25
331	2	6	1	87
332	2	6	1	33
333	1	0	1	4
334	2	6	1	52
335	2	6	1	123
336	2	6	1	87
337	2	6	1	33
338	2	6	1	16
339	2	6	1	92
340	2	6	1	81
341	2	6	1	21
342	2	6	1	22
343	2	6	1	57
344	2	6	1	15
345	2	6	1	16
346	2	6	1	22
347	2	6	1	78
348	2	6	1	97
349	2	6	1	13
350	2	6	1	29
351	1	0	1	4
352	2	6	1	64
353	2	6	1	17
354	2	6	1	123
355	2	6	1	90
356	2	6	1	20
357	2	6	1	15
358	1	0	1	6
359	2	6	1	2
360	2	6	1	87
361	2	6	1	96
362	2	6	1	86
363	2	6	1	19
364	2	6	1	23
365	2	6	1	89
366	2	6	1	23
367	2	6	1	33
368	2	6	1	63
369	2	6	1	16
370	2	6	1	89
371	2	6	1	19
372	1	0	1	4
373	2	6	1	89
374	2	6	1	31
375	2	6	1	23
376	2	6	1	126
377	1	0	1	5
378	2	6	1	73
379	2	6	1	21
380	2	6	1	54
381	2	6	1	77
382	2	6	1	26
383	1	0	1	4
384	2	6	1	107
385	2	6	1	32
386	2	6	1	145
387	2	6	1	83
388	2	6	1	21
389	2	6	1	19
390	2	6	1	18
391	2	6	1	17
392	1	0	1	4
393	2	6	1	125
394	2	6	1	70
395	2	6	1	25
396	1	0	1	5
397	2	6	1	26
398	2	6	1	85
399	2	6	1	124
400	2	6	1	25
401	2	6	1	30
402	1	0	1	6
403	2	6	1	5
404	2	6	1	51
405	2	6	1	85
406	2	6	1	22
407	1	0	1	4
408	2	6	1	108
409	2	6	1	28
410	2	6	1	124
411	2	6	1	103
412	2	6	1	24
413	2	6	1	19
414	2	6	1	32
415	2	6	1	88
416	2	6	1	123
417	2	6	1	22
418	2	6	1	22
419	2	6	1	93
420	2	6	1	30
421	2	6	1	23
422	2	6	1	18
423	2	6	1	28
424	1	0	1	3
425	2	6	1	122
426	2	6	1	20
427	2	6	1	24
428	1	0	1	8
429	2	6	1	77
430	2	6	1	133
431	1	0	1	16
432	2	6	1	19
433	1	0	1	4
434	2	6	1	20
435	2	6	1	20
436	2	6	1	129
437	2	6	1	32
438	2	6	1	22
439	1	0	1	5
440	2	6	1	66
441	2	6	1	90
442	1	0	1	17
443	2	6	1	27
444	2	6	1	108
445	2	6	1	23
446	1	0	1	4
447	2	6	1	27
448	2	6	1	132
449	2	6	1	16
450	2	6	1	107
451	2	6	1	19
452	2	6	1	50
453	2	6	1	109
454	2	6	1	22
455	1	0	1	5
456	2	6	1	62
457	2	6	1	15
458	1	0	1	4
459	2	6	1	23
460	2	6	1	144
461	2	6	1	85
462	2	6	1	21
463	2	6	1	108
464	2	6	1	85
465	2	6	1	24
466	2	6	1	21
467	1	0	1	4
468	2	6	1	46
469	2	6	1	71
470	2	6	1	112
471	2	6	1	2
472	2	6	1	22
473	2	6	1	26
474	1	0	1	5
475	2	6	1	34
476	2	6	1	99
477	2	6	1	25
478	2	6	1	96
479	2	6	1	29
480	1	0	1	6
481	2	6	1	38
482	2	6	1	93
483	2	6	1	128
484	2	6	1	17
485	2	6	1	30
486	2	6	1	98
487	2	6	1	81
488	2	6	1	18
489	2	6	1	68
490	2	6	1	17
491	2	6	1	21
492	1	0	1	19
493	2	6	1	1
494	2	6	1	21
495	2	6	1	84
496	2	6	1	82
497	2	6	1	27
498	2	6	1	21
499	1	0	1	4
500	2	6	1	86
501	2	6	1	86
502	2	6	1	129
503	2	6	1	23
504	2	6	1	39
505	2	6	1	2
506	2	6	1	20
507	2	6	1	29
508	2	6	1	71
509	2	6	1	23
510	1	0	1	4
511	2	6	1	69
512	1	0	1	4
513	2	6	1	96
514	2	6	1	18
515	2	6	1	92
516	2	6	1	130
517	2	6	1	26
518	1	0	1	18
519	2	6	1	6
520	2	6	1	53
521	2	6	1	105
522	1	0	1	4
523	2	6	1	94
524	2	6	1	12
525	2	6	1	18
526	2	6	1	41
527	2	6	1	130
528	2	6	1	25
529	1	0	1	5
530	2	6	1	63
531	2	6	1	20
532	2	6	1	31
533	2	6	1	101
534	2	6	1	51
535	1	0	1	4
536	2	6	1	90
537	2	6	1	22
538	2	6	1	134
539	2	6	1	94
540	2	6	1	26
541	2	6	1	19
542	2	6	1	52
543	2	6	1	44
544	2	6	1	20
545	1	0	1	4
546	2	6	1	104
547	2	6	1	21
548	2	6	1	52
549	2	6	1	139
550	2	6	1	20
551	2	6	1	94
552	2	6	1	24
553	2	6	1	77
554	2	6	1	14
555	2	6	1	140
556	2	6	1	23
557	2	6	1	24
558	2	6	1	54
559	2	6	1	23
560	2	6	1	1
561	1	0	1	5
562	2	6	1	52
563	2	6	1	15
564	1	0	1	4
565	2	6	1	14
566	2	6	1	132
567	2	6	1	77
568	2	6	1	21
569	2	6	1	25
570	2	6	1	25
571	2	6	1	119
572	2	6	1	86
573	2	6	1	21
574	1	0	1	4
575	2	6	1	35
576	2	6	1	85
577	2	6	1	135
578	2	6	1	22
579	2	6	1	17
580	1	0	1	5
581	2	6	1	28
582	2	6	1	85
583	2	6	1	22
584	2	6	1	95
585	1	0	1	4
586	2	6	1	52
587	2	6	1	143
588	2	6	1	99
589	2	6	1	24
590	2	6	1	15
591	2	6	1	25
592	2	6	1	96
593	2	6	1	85
594	2	6	1	22
595	1	0	1	4
596	2	6	1	56
597	1	0	1	6
598	2	6	1	8
599	2	6	1	101
600	2	6	1	21
601	2	6	1	127
602	2	6	1	18
603	2	6	1	89
604	2	6	1	89
605	2	6	1	20
606	1	0	1	4
607	2	6	1	67
608	2	6	1	91
609	2	6	1	128
610	2	6	1	14
611	2	6	1	27
612	1	0	1	17
613	2	6	1	7
614	2	6	1	91
615	2	6	1	23
616	1	0	1	18
617	2	6	1	19
618	2	6	1	84
619	1	0	1	4
620	2	6	1	54
621	2	6	1	142
622	2	6	1	75
623	2	6	1	65
624	2	6	1	19
625	2	6	1	19
626	1	0	1	4
627	2	6	1	105
628	2	6	1	117
629	2	6	1	58
630	2	6	1	18
631	2	6	1	22
632	1	0	1	5
633	2	6	1	63
634	2	6	1	90
635	2	6	1	20
636	2	6	1	45
637	2	6	1	13
638	2	6	1	116
639	2	6	1	125
640	2	6	1	91
641	2	6	1	17
642	2	6	1	19
643	2	6	1	23
644	2	6	1	56
645	1	0	1	3
646	2	6	1	127
647	1	0	1	5
648	2	6	1	49
649	2	6	1	27
650	2	6	1	128
651	2	6	1	94
652	2	6	1	26
653	1	0	1	4
654	2	6	1	130
655	2	6	1	89
656	2	6	1	27
657	2	6	1	16
658	2	6	1	104
659	2	6	1	26
660	2	6	1	67
661	2	6	1	29
662	1	0	1	5
663	2	6	1	30
664	1	0	1	4
665	2	6	1	24
666	2	6	1	95
667	2	6	1	130
668	2	6	1	20
669	2	6	1	31
670	2	6	1	118
671	2	6	1	99
672	2	6	1	21
673	2	6	1	21
674	2	6	1	31
675	2	6	1	134
676	2	6	1	84
677	2	6	1	22
678	2	6	1	16
679	1	0	1	8
680	2	6	1	16
681	2	6	1	103
682	2	6	1	22
683	2	6	1	27
684	1	0	1	4
685	2	6	1	37
686	2	6	1	96
687	2	6	1	123
688	2	6	1	23
689	2	6	1	24
690	1	0	1	5
691	2	6	1	14
692	2	6	1	98
693	2	6	1	79
694	2	6	1	27
695	1	0	1	4
696	2	6	1	40
697	1	0	1	5
698	2	6	1	20
699	2	6	1	129
700	2	6	1	94
701	2	6	1	25
702	1	0	1	6
703	2	6	1	1
704	1	0	1	19
705	2	6	1	22
706	2	6	1	21
707	2	6	1	98
708	2	6	1	96
709	2	6	1	39
710	2	6	1	26
711	2	6	1	82
712	2	6	1	22
713	1	0	1	6
714	2	6	1	21
715	2	6	1	105
716	2	6	1	84
717	2	6	1	29
718	2	6	1	21
719	1	0	1	4
720	2	6	1	49
721	2	6	1	98
722	2	6	1	133
723	2	6	1	21
724	2	6	1	18
725	2	6	1	87
726	2	6	1	105
727	2	6	1	24
728	2	6	1	26
729	1	0	1	5
730	2	6	1	57
731	2	6	1	13
732	2	6	1	128
733	2	6	1	28
734	1	0	1	5
735	2	6	1	74
736	2	6	1	21
737	2	6	1	73
738	2	6	1	99
739	2	6	1	20
740	2	6	1	24
741	1	0	1	4
742	2	6	1	87
743	2	6	1	87
744	2	6	1	20
745	2	6	1	128
746	2	6	1	27
747	2	6	1	60
748	2	6	1	49
749	2	6	1	22
750	2	6	1	24
751	1	0	1	4
752	2	6	1	90
753	1	0	1	6
754	2	6	1	53
755	2	6	1	124
756	2	6	1	94
757	2	6	1	22
758	2	6	1	17
759	2	6	1	16
760	2	6	1	45
761	2	6	1	97
762	2	6	1	30
763	1	0	1	4
764	2	6	1	103
765	2	6	1	21
766	2	6	1	134
767	2	6	1	57
768	2	6	1	30
769	2	6	1	25
770	2	6	1	87
771	1	0	1	7
772	2	6	1	114
773	2	6	1	28
774	2	6	1	17
775	2	6	1	128
776	2	6	1	21
777	2	6	1	22
778	1	0	1	3
779	2	6	1	131
780	2	6	1	91
781	1	0	1	7
782	2	6	1	22
783	2	6	1	22
784	2	6	1	22
785	2	6	1	103
786	2	6	1	92
787	2	6	1	16
788	2	6	1	1
789	1	0	1	4
790	2	6	1	38
791	2	6	1	126
792	2	6	1	67
793	1	0	1	19
794	2	6	1	28
795	1	0	1	6
796	2	6	1	38
797	2	6	1	99
798	2	6	1	20
799	2	6	1	88
800	1	0	1	18
801	2	6	1	1
802	1	0	1	4
803	2	6	1	48
804	2	6	1	31
805	2	6	1	134
806	2	6	1	92
807	2	6	1	19
808	2	6	1	79
809	2	6	1	86
810	2	6	1	30
811	2	6	1	14
812	2	6	1	14
813	2	6	1	130
814	1	0	1	5
815	2	6	1	81
816	2	6	1	23
817	2	6	1	20
818	2	6	1	29
819	2	6	1	83
820	2	6	1	43
821	2	6	1	28
822	1	0	1	4
823	2	6	1	99
824	2	6	1	123
825	2	6	1	21
826	2	6	1	91
827	2	6	1	22
828	2	6	1	27
829	2	6	1	47
830	2	6	1	27
831	2	6	1	21
832	1	0	1	3
833	2	6	1	119
834	2	6	1	51
835	2	6	1	85
836	2	6	1	130
837	2	6	1	24
838	2	6	1	25
839	1	0	1	4
840	2	6	1	8
841	2	6	1	96
842	2	6	1	134
843	2	6	1	14
844	2	6	1	19
845	2	6	1	106
846	2	6	1	33
847	2	6	1	24
848	1	0	1	7
849	2	6	1	1
850	1	0	1	6
851	2	6	1	21
852	1	0	1	5
853	2	6	1	30
854	2	6	1	129
855	2	6	1	95
856	2	6	1	22
857	2	6	1	19
858	2	6	1	99
859	2	6	1	89
860	2	6	1	24
861	1	0	1	4
862	2	6	1	56
863	2	6	1	95
864	2	6	1	134
865	2	6	1	23
866	2	6	1	19
867	2	6	1	6
868	1	0	1	5
869	2	6	1	90
870	2	6	1	78
871	2	6	1	12
872	1	0	1	17
873	2	6	1	29
874	1	0	1	18
875	2	6	1	17
876	1	0	1	4
877	2	6	1	59
878	2	6	1	89
879	2	6	1	124
880	2	6	1	16
881	2	6	1	23
882	2	6	1	71
883	2	6	1	18
884	2	6	1	92
885	2	6	1	19
886	2	6	1	86
887	2	6	1	40
888	2	6	1	143
889	2	6	1	34
890	2	6	1	56
891	2	6	1	19
892	2	6	1	37
893	2	6	1	98
894	2	6	1	19
895	2	6	1	18
896	1	0	1	4
897	2	6	1	117
898	2	6	1	24
899	2	6	1	98
900	2	6	1	126
901	2	6	1	18
902	2	6	1	30
903	2	6	1	35
904	1	0	1	4
905	2	6	1	118
906	2	6	1	16
907	1	0	1	5
908	2	6	1	70
909	2	6	1	20
910	2	6	1	134
911	2	6	1	92
912	2	6	1	24
913	2	6	1	15
914	2	6	1	19
915	2	6	1	88
916	1	0	1	4
917	2	6	1	114
918	2	6	1	30
919	2	6	1	29
920	2	6	1	56
921	2	6	1	124
922	1	0	1	4
923	2	6	1	47
924	2	6	1	20
925	2	6	1	14
926	1	0	1	5
927	2	6	1	129
928	2	6	1	85
929	2	6	1	23
930	2	6	1	17
931	2	6	1	122
932	2	6	1	96
933	2	6	1	25
934	2	6	1	22
935	1	0	1	4
936	2	6	1	129
937	2	6	1	22
938	2	6	1	85
939	2	6	1	36
940	2	6	1	115
941	2	6	1	95
942	2	6	1	22
943	2	6	1	23
944	2	6	1	84
945	2	6	1	24
946	2	6	1	16
947	1	0	1	4
948	2	6	1	127
949	2	6	1	24
950	2	6	1	125
951	2	6	1	29
952	2	6	1	28
953	2	6	1	5
954	2	6	1	18
955	2	6	1	24
956	1	0	1	3
957	2	6	1	120
958	1	0	1	6
959	2	6	1	81
960	2	6	1	21
961	2	6	1	92
962	2	6	1	125
963	2	6	1	21
964	2	6	1	11
965	1	0	1	16
966	2	6	1	13
967	1	0	1	7
968	2	6	1	136
969	2	6	1	95
970	2	6	1	14
971	2	6	1	17
972	1	0	1	16
973	2	6	1	11
974	2	6	1	120
975	2	6	1	20
976	2	6	1	24
977	1	0	1	4
978	2	6	1	84
979	2	6	1	15
980	2	6	1	19
981	2	6	1	96
982	2	6	1	26
983	2	6	1	22
984	2	6	1	76
985	2	6	1	19
986	2	6	1	109
987	2	6	1	36
988	2	6	1	37
989	2	6	1	45
990	2	6	1	126
991	2	6	1	25
992	1	0	1	5
993	2	6	1	59
994	2	6	1	29
995	2	6	1	21
996	2	6	1	18
997	2	6	1	92
998	1	0	1	4
999	2	6	1	41
1000	2	6	1	21
1001	2	6	1	90
1002	2	6	1	135
1003	2	6	1	21
1004	2	6	1	97
1005	2	6	1	59
1006	2	6	1	25
1007	2	6	1	25
1008	2	6	1	59
1009	1	0	1	5
1010	2	6	1	41
1011	2	6	1	128
1012	2	6	1	96
1013	2	6	1	21
1014	2	6	1	25
1015	2	6	1	84
1016	2	6	1	99
1017	2	6	1	27
1018	2	6	1	23
1019	2	6	1	57
1020	2	6	1	73
1021	2	6	1	29
1022	2	6	1	23
1023	1	0	1	8
1024	2	6	1	28
1025	2	6	1	87
1026	2	6	1	93
1027	2	6	1	26
1028	2	6	1	26
1029	2	6	1	15
1030	1	0	1	21
1031	2	6	1	1
1032	1	0	1	4
1033	2	6	1	56
1034	2	6	1	21
1035	2	6	1	92
1036	2	6	1	23
1037	2	6	1	138
1038	2	6	1	81
1039	2	6	1	20
1040	2	6	1	79
1041	2	6	1	22
1042	1	0	1	4
1043	2	6	1	75
1044	1	0	1	6
1045	2	6	1	6
1046	2	6	1	144
1047	2	6	1	83
1048	2	6	1	23
1049	2	6	1	15
1050	2	6	1	104
1051	2	6	1	45
1052	2	6	1	18
1053	1	0	1	4
1054	2	6	1	107
1055	2	6	1	24
1056	2	6	1	24
1057	2	6	1	85
1058	2	6	1	27
1059	2	6	1	136
1060	2	6	1	29
1061	2	6	1	37
1062	2	6	1	22
1063	2	6	1	3
1064	1	0	1	5
1065	2	6	1	58
1066	1	0	1	3
1067	2	6	1	110
1068	2	6	1	19
1069	2	6	1	130
1070	2	6	1	94
1071	2	6	1	16
1072	2	6	1	24
1073	1	0	1	4
1074	2	6	1	6
1075	2	6	1	32
1076	2	6	1	129
1077	2	6	1	88
1078	2	6	1	19
1079	2	6	1	67
1080	2	6	1	112
1081	2	6	1	29
1082	2	6	1	21
1083	1	0	1	4
1084	2	6	1	22
1085	1	0	1	5
1086	2	6	1	19
1087	2	6	1	99
1088	2	6	1	128
1089	2	6	1	20
1090	2	6	1	24
1091	2	6	1	112
1092	2	6	1	19
1093	2	6	1	98
1094	2	6	1	23
1095	1	0	1	4
1096	2	6	1	36
1097	2	6	1	134
1098	2	6	1	22
1099	2	6	1	84
1100	2	6	1	23
1101	2	6	1	17
1102	2	6	1	106
1103	2	6	1	23
1104	2	6	1	88
1105	2	6	1	54
1106	2	6	1	18
1107	2	6	1	87
1108	2	6	1	27
1109	2	6	1	125
1110	2	6	1	22
1111	2	6	1	18
1112	2	6	1	32
1113	1	0	1	4
1114	2	6	1	49
1115	2	6	1	17
1116	2	6	1	17
1117	2	6	1	135
1118	2	6	1	21
1119	1	0	1	5
1120	2	6	1	96
1121	2	6	1	20
1122	2	6	1	101
1123	2	6	1	22
1124	2	6	1	87
1125	1	0	1	4
1126	2	6	1	66
1127	2	6	1	123
1128	2	6	1	21
1129	2	6	1	98
1130	2	6	1	17
1131	2	6	1	84
1132	2	6	1	19
1133	1	0	1	5
1134	2	6	1	76
1135	1	0	1	4
1136	2	6	1	72
1137	1	0	1	18
1138	2	6	1	15
1139	2	6	1	91
1140	2	6	1	125
1141	2	6	1	25
1142	1	0	1	17
1143	2	6	1	26
1144	2	6	1	25
1145	2	6	1	93
1146	2	6	1	19
1147	2	6	1	77
1148	2	6	1	77
1149	2	6	1	45
1150	2	6	1	32
1151	2	6	1	18
1152	1	0	1	5
1153	2	6	1	55
1154	2	6	1	105
1155	2	6	1	62
1156	2	6	1	19
1157	2	6	1	94
1158	2	6	1	27
1159	2	6	1	94
1160	2	6	1	20
1161	2	6	1	19
1162	2	6	1	47
1163	2	6	1	55
1164	2	6	1	21
1165	2	6	1	18
1166	1	0	1	4
1167	2	6	1	105
1168	1	0	1	5
1169	2	6	1	35
1170	2	6	1	133
1171	2	6	1	24
1172	2	6	1	82
1173	2	6	1	20
1174	2	6	1	21
1175	2	6	1	92
1176	1	0	1	4
1177	2	6	1	119
1178	2	6	1	27
1179	2	6	1	13
1180	2	6	1	22
1181	2	6	1	122
1182	2	6	1	83
1183	2	6	1	19
1184	2	6	1	32
1185	2	6	1	19
1186	2	6	1	109
1187	2	6	1	26
1188	2	6	1	20
1189	2	6	1	88
1190	2	6	1	21
1191	2	6	1	17
1192	1	0	1	3
1193	2	6	1	120
1194	2	6	1	84
1195	2	6	1	21
1196	2	6	1	27
1197	1	0	1	6
1198	2	6	1	12
1199	2	6	1	18
1200	2	6	1	99
1201	2	6	1	1
1202	2	6	1	123
1203	2	6	1	19
1204	1	0	1	4
1205	2	6	1	9
1206	2	6	1	135
1207	2	6	1	22
1208	2	6	1	20
1209	2	6	1	95
1210	2	6	1	115
1211	2	6	1	24
1212	2	6	1	93
1213	2	6	1	21
1214	1	0	1	4
1215	2	6	1	123
1216	1	0	1	4
1217	2	6	1	98
1218	1	0	1	17
1219	2	6	1	34
1220	2	6	1	22
1221	2	6	1	125
1222	2	6	1	14
1223	2	6	1	81
1224	1	0	1	18
1225	2	6	1	22
1226	1	0	1	4
1227	2	6	1	17
1228	2	6	1	135
1229	2	6	1	90
1230	1	0	1	17
1231	2	6	1	32
1232	2	6	1	20
1233	2	6	1	25
1234	2	6	1	104
1235	2	6	1	25
1236	2	6	1	79
1237	2	6	1	24
1238	1	0	1	4
1239	2	6	1	31
1240	2	6	1	118
1241	2	6	1	84
1242	2	6	1	26
1243	2	6	1	30
1244	2	6	1	27
1245	2	6	1	82
1246	2	6	1	109
1247	2	6	1	26
1248	2	6	1	39
1249	2	6	1	11
1250	1	0	1	5
1251	2	6	1	82
1252	2	6	1	20
1253	2	6	1	83
1254	2	6	1	28
1255	2	6	1	97
1256	2	6	1	27
1257	1	0	1	5
1258	2	6	1	53
1259	2	6	1	128
1260	2	6	1	87
1261	2	6	1	30
1262	2	6	1	24
1263	2	6	1	80
1264	2	6	1	52
1265	2	6	1	24
1266	2	6	1	23
1267	2	6	1	64
1268	1	0	1	5
1269	2	6	1	50
1270	2	6	1	22
1271	2	6	1	100
1272	2	6	1	23
1273	2	6	1	83
1274	2	6	1	98
1275	2	6	1	17
1276	2	6	1	24
1277	1	0	1	4
1278	2	6	1	67
1279	2	6	1	20
1280	2	6	1	128
1281	2	6	1	51
1282	1	0	1	4
1283	2	6	1	59
1284	2	6	1	15
1285	2	6	1	96
1286	2	6	1	74
1287	2	6	1	16
1288	1	0	1	4
1289	2	6	1	81
1290	2	6	1	26
1291	2	6	1	140
1292	2	6	1	88
1293	2	6	1	19
1294	2	6	1	17
1295	2	6	1	59
1296	2	6	1	61
1297	2	6	1	28
1298	2	6	1	16
1299	1	0	1	4
1300	2	6	1	104
1301	2	6	1	23
1302	2	6	1	128
1303	2	6	1	14
1304	2	6	1	89
1305	2	6	1	14
1306	1	0	1	18
1307	2	6	1	9
1308	2	6	1	11
1309	2	6	1	39
1310	2	6	1	17
1311	2	6	1	16
1312	1	0	1	4
1313	2	6	1	111
1314	2	6	1	86
1315	2	6	1	25
1316	2	6	1	126
1317	2	6	1	25
1318	2	6	1	21
1319	2	6	1	14
1320	2	6	1	22
1321	2	6	1	20
1322	1	0	1	3
1323	2	6	1	124
1324	1	0	1	5
1325	2	6	1	82
1326	2	6	1	93
1327	2	6	1	123
1328	2	6	1	18
1329	2	6	1	18
1330	2	6	1	1
1331	1	0	1	4
1332	2	6	1	8
1333	2	6	1	129
1334	2	6	1	102
1335	2	6	1	21
1336	2	6	1	19
1337	2	6	1	117
1338	2	6	1	23
1339	2	6	1	18
1340	2	6	1	31
1341	1	0	1	5
1342	2	6	1	74
1343	1	0	1	6
1344	2	6	1	25
1345	2	6	1	129
1346	2	6	1	95
1347	2	6	1	22
1348	2	6	1	17
1349	2	6	1	1
1350	2	6	1	106
1351	2	6	1	107
1352	2	6	1	16
1353	2	6	1	18
1354	1	0	1	4
1355	2	6	1	50
1356	2	6	1	135
1357	2	6	1	33
1358	2	6	1	26
1359	1	0	1	5
1360	2	6	1	57
1361	2	6	1	21
1362	2	6	1	83
1363	2	6	1	82
1364	2	6	1	30
1365	2	6	1	26
1366	1	0	1	4
1367	2	6	1	69
1368	2	6	1	90
1369	2	6	1	28
1370	2	6	1	135
1371	2	6	1	17
1372	2	6	1	65
1373	2	6	1	78
1374	2	6	1	23
1375	2	6	1	16
1376	1	0	1	4
1377	2	6	1	88
1378	1	0	1	10
1379	2	6	1	22
1380	2	6	1	134
1381	2	6	1	85
1382	2	6	1	23
1383	2	6	1	14
1384	2	6	1	2
1385	2	6	1	41
1386	2	6	1	28
1387	2	6	1	81
1388	2	6	1	27
1389	1	0	1	5
1390	2	6	1	117
1391	2	6	1	92
1392	2	6	1	128
1393	2	6	1	25
1394	2	6	1	13
1395	2	6	1	21
1396	2	6	1	115
1397	2	6	1	27
1398	1	0	1	5
1399	2	6	1	86
1400	2	6	1	107
1401	2	6	1	78
1402	2	6	1	20
1403	2	6	1	10
1404	1	0	1	20
1405	2	6	1	11
1406	1	0	1	4
1407	2	6	1	38
1408	2	6	1	87
1409	2	6	1	142
1410	2	6	1	28
1411	2	6	1	19
1412	2	6	1	19
1413	2	6	1	48
1414	2	6	1	93
1415	1	0	1	4
1416	2	6	1	71
1417	1	0	1	5
1418	2	6	1	43
1419	2	6	1	133
1420	2	6	1	93
1421	2	6	1	16
1422	2	6	1	20
1423	2	6	1	82
1424	2	6	1	21
1425	2	6	1	63
1426	2	6	1	16
1427	1	0	1	4
1428	2	6	1	100
1429	2	6	1	131
1430	2	6	1	79
1431	2	6	1	19
1432	2	6	1	23
1433	1	0	1	6
1434	2	6	1	11
1435	2	6	1	25
1436	2	6	1	112
1437	1	0	1	4
1438	2	6	1	114
1439	2	6	1	22
1440	2	6	1	14
1441	2	6	1	135
1442	2	6	1	25
1443	2	6	1	83
1444	2	6	1	27
1445	2	6	1	30
1446	2	6	1	92
1447	2	6	1	13
1448	1	0	1	4
1449	2	6	1	118
1450	2	6	1	22
1451	2	6	1	130
1452	2	6	1	17
1453	2	6	1	20
1454	2	6	1	19
1455	2	6	1	84
1456	2	6	1	16
1457	2	6	1	4
1458	1	0	1	3
1459	2	6	1	131
1460	2	6	1	33
1461	2	6	1	96
1462	2	6	1	93
1463	2	6	1	119
1464	2	6	1	21
1465	2	6	1	29
1466	1	0	1	4
1467	2	6	1	7
1468	2	6	1	127
1469	2	6	1	31
1470	2	6	1	21
1471	2	6	1	28
1472	2	6	1	114
1473	2	6	1	21
1474	2	6	1	18
1475	2	6	1	91
1476	2	6	1	26
1477	2	6	1	87
1478	2	6	1	21
1479	2	6	1	145
1480	2	6	1	24
1481	2	6	1	23
1482	2	6	1	1
1483	2	6	1	13
1484	2	6	1	4
1485	2	6	1	4
1486	2	6	1	24
1487	2	6	1	24
1488	2	6	1	20
1489	2	6	1	20
1490	2	6	1	7
1491	2	6	1	28
1492	2	6	1	22
1493	2	6	1	2
1494	2	6	1	21
1495	2	6	1	5
1496	2	6	1	3
1497	2	6	1	11
1498	2	6	1	18
1499	2	6	1	28
1500	2	6	1	28
1501	2	6	1	14
1502	2	6	1	8
1503	2	6	1	22
1504	2	6	1	19
1505	2	6	1	9
1506	2	6	1	1
1507	2	6	1	7
1508	2	6	1	19
1509	2	6	1	16
1510	2	6	1	1
1511	2	6	1	19
1512	2	6	1	1
1513	2	6	1	29
1514	2	6	1	15
1515	2	6	1	1
1516	2	6	1	3
1517	2	6	1	2
1518	2	6	1	13
1519	2	6	1	9
1520	2	6	1	4
1521	2	6	1	1
1522	2	6	1	5
1523	2	6	1	14
1524	2	6	1	15
1525	2	6	1	7
1526	2	6	1	4
1527	2	6	1	4
1528	2	6	1	1
1529	2	6	1	17
1530	2	6	1	8
1531	2	6	1	1
1532	2	6	1	1
1533	2	6	1	3
1534	2	6	1	1
1535	2	6	1	1
1536	2	6	1	2
1537	2	6	1	2
1538	2	6	1	1
1539	2	6	1	1
1540	2	6	1	1
1541	2	6	1	1
1542	2	6	1	7
1543	2	6	1	2
1544	2	6	1	2
1545	2	6	1	1
1546	2	6	1	1
1547	2	6	1	3
1548	2	6	1	1
1549	2	6	1	1
1550	2	6	1	3
1551	2	6	1	1
1552	2	6	1	1
1553	2	6	1	3
1554	2	6	1	1
1555	2	6	1	1
1556	2	6	1	1
1557	2	6	1	2
1558	2	6	1	1
1559	2	6	1	1
1560	2	6	1	2
1561	2	6	1	1
1562	2	6	1	2
1563	2	6	1	1
1564	2	6	1	1
1565	2	6	1	2
1566	2	6	1	1
1567	2	6	1	6
1568	2	6	1	1
1569	2	6	1	1
1570	2	6	1	1
1571	2	6	1	2
1572	2	6	1	1
1573	2	6	1	2
1574	2	6	1	1
1575	2	6	1	1
1576	2	6	1	2
1577	2	6	1	1
1578	2	6	1	5
1579	2	6	1	2
1580	2	6	1	1
1581	2	6	1	1
1582	2	6	1	1
1583	2	6	1	1
1584	2	6	1	1
1585	2	6	1	1
1586	2	6	1	1
1587	2	6	1	1
1588	2	6	1	1
1589	2	6	1	1
1590	2	6	1	5
1591	2	6	1	1
1592	2	6	1	1
1593	2	6	1	1
1594	2	6	1	1
1595	2	6	1	1
1596	2	6	1	1
1597	2	6	1	1
1598	2	6	1	1
1599	2	6	1	2
1600	2	6	1	1
1601	2	6	1	1
1602	2	6	1	1
1603	2	6	1	1
1604	2	6	1	1
1605	2	6	1	1
1606	2	6	1	2
1607	2	6	1	1
1608	2	6	1	1
1609	2	6	1	1
1610	2	6	1	1
1611	2	6	1	1
1612	2	6	1	1
1613	2	6	1	1
1614	2	6	1	1
1615	2	6	1	1
1616	2	6	1	1
1617	2	6	1	5
1618	2	6	1	1
1619	2	6	1	19
1620	2	6	1	5
1621	2	6	1	19
1622	2	6	1	16
1623	2	6	1	4
1624	2	6	1	4
1625	2	6	1	16
1626	2	6	1	12
1627	2	6	1	15
1628	2	6	1	3
1629	2	6	1	14
1630	2	6	1	4
1631	2	6	1	2
1632	2	6	1	6
1633	2	6	1	4
1634	2	6	1	24
1635	2	6	1	23
1636	2	6	1	2
1637	2	6	1	14
1638	2	6	1	4
1639	2	6	1	16
1640	2	6	1	21
1641	2	6	1	2
1642	2	6	1	10
1643	2	6	1	1
1644	2	6	1	5
1645	2	6	1	3
1646	2	6	1	23
1647	2	6	1	12
1648	2	6	1	6
1649	2	6	1	19
1650	2	6	1	22
1651	2	6	1	2
1652	2	6	1	13
1653	2	6	1	15
1654	2	6	1	5
1655	2	6	1	18
1656	2	6	1	4
1657	2	6	1	18
1658	2	6	1	18
1659	2	6	1	19
1660	2	6	1	24
1661	2	6	1	17
1662	2	6	1	19
1663	2	6	1	6
1664	2	6	1	4
1665	2	6	1	18
1666	2	6	1	1
1667	2	6	1	20
1668	2	6	1	21
1669	2	6	1	22
1670	2	6	1	2
1671	2	6	1	17
1672	2	6	1	49
1673	2	6	1	22
1674	2	6	1	2
1675	2	6	1	25
1676	2	6	1	2
1677	2	6	1	24
1678	2	6	1	1
1679	2	6	1	15
1680	2	6	1	20
1681	2	6	1	1
1682	2	6	1	15
1683	2	6	1	17
1684	2	6	1	22
1685	2	6	1	3
1686	2	6	1	16
1687	2	6	1	25
1688	2	6	1	22
1689	2	6	1	19
1690	2	6	1	4
1691	2	6	1	28
1692	2	6	1	22
1693	2	6	1	4
1694	2	6	1	17
1695	2	6	1	21
1696	2	6	1	25
1697	2	6	1	21
1698	2	6	1	24
1699	2	6	1	16
1700	2	6	1	2
1701	2	6	1	17
1702	2	6	1	20
1703	2	6	1	22
1704	2	6	1	4
1705	2	6	1	1
1706	2	6	1	30
1707	2	6	1	3
1708	2	6	1	17
1709	2	6	1	1
1710	2	6	1	4
1711	2	6	1	15
1712	2	6	1	16
1713	2	6	1	19
1714	2	6	1	18
1715	2	6	1	2
1716	2	6	1	4
1717	2	6	1	22
1718	2	6	1	22
1719	2	6	1	5
1720	2	6	1	24
1721	2	6	1	24
1722	2	6	1	4
1723	1	0	1	257
1724	2	6	1	1
1725	2	6	1	1
1726	2	6	1	1
1727	2	6	1	1
1728	2	6	1	1
1729	2	6	1	58
1730	2	6	1	20
1731	2	6	1	14
1732	2	6	1	12
1733	2	6	1	17
1734	2	6	1	12
1735	2	6	1	14
1736	2	6	1	24
1737	2	6	1	25
1738	2	6	1	25
1739	2	6	1	30
1740	2	6	1	17
1741	2	6	1	20
1742	2	6	1	22
1743	2	6	1	21
1744	2	6	1	20
1745	2	6	1	25
1746	2	6	1	22
1747	2	6	1	22
1748	2	6	1	5
1749	2	6	1	17
1750	2	6	1	11
1751	2	6	1	19
1752	2	6	1	18
1753	2	6	1	12
1754	2	6	1	13
1755	2	6	1	24
1756	2	6	1	14
1757	2	6	1	18
1758	2	6	1	13
1759	2	6	1	20
1760	2	6	1	14
1761	2	6	1	14
1762	2	6	1	22
1763	2	6	1	19
1764	2	6	1	15
1765	2	6	1	18
1766	2	6	1	23
1767	2	6	1	19
1768	2	6	1	25
1769	2	6	1	21
1770	2	6	1	23
1771	2	6	1	29
1772	2	6	1	21
1773	2	6	1	12
1774	2	6	1	22
1775	2	6	1	20
1776	2	6	1	12
1777	2	6	1	18
1778	2	6	1	18
1779	2	6	1	19
1780	2	6	1	17
1781	2	6	1	20
1782	2	6	1	22
1783	2	6	1	20
1784	2	6	1	17
1785	2	6	1	15
1786	2	6	1	24
1787	2	6	1	15
1788	2	6	1	22
1789	2	6	1	18
1790	2	6	1	15
1791	2	6	1	24
1792	2	6	1	19
1793	2	6	1	22
1794	2	6	1	23
1795	2	6	1	17
1796	2	6	1	18
1797	2	6	1	20
1798	2	6	1	17
1799	2	6	1	25
1800	2	6	1	1
1801	2	6	1	1
1802	2	6	1	1
1803	2	6	1	1
1804	2	6	1	1
1805	2	6	1	1
1806	2	6	1	1
1807	2	6	1	1
1808	2	6	1	1
1809	2	6	1	1
1810	2	6	1	1
1811	2	6	1	1
1812	2	6	1	1
1813	2	6	1	1
1814	2	6	1	1
1815	2	6	1	1
1816	2	6	1	1
1817	2	6	1	1
1818	2	6	1	4
1819	2	6	1	1
1820	2	6	1	1
1821	2	6	1	1
1822	2	6	1	1
1823	2	6	1	1
1824	2	6	1	1
1825	2	6	1	1
1826	2	6	1	1
1827	1	0	1	1
1828	2	6	1	190
1829	1	0	1	1
1830	2	6	1	195
1831	1	0	1	1
1832	2	6	1	187
1833	1	0	1	1
1834	2	6	1	190
1835	1	0	1	1
1836	2	6	1	193
1837	1	0	1	1
1838	2	6	1	187
1839	1	0	1	1
1840	2	6	1	197
1841	1	0	1	1
1842	2	6	1	189
1843	1	0	1	1
1844	2	6	1	193
1845	2	6	1	1
1846	2	6	1	1
1847	2	6	1	1
1848	2	6	1	1
1849	2	6	1	1
1850	2	6	1	1
1851	2	6	1	1
1852	2	6	1	1
1853	2	6	1	1
1854	2	6	1	1
1855	2	6	1	1
1856	2	6	1	2
1857	2	6	1	1
1858	2	6	1	3
1859	2	6	1	1
1860	2	6	1	1
1861	2	6	1	1
1862	2	6	1	1
1863	2	6	1	1
1864	2	6	1	1
1865	2	6	1	1
1866	2	6	1	1
1867	2	6	1	1
1868	2	6	1	1
1869	2	6	1	1
1870	2	6	1	1
1871	2	6	1	1
1872	2	6	1	2
1873	2	6	1	1
1874	2	6	1	1
1875	2	6	1	1
1876	2	6	1	3
1877	2	6	1	1
1878	2	6	1	1
1879	2	6	1	1
1880	2	6	1	1
1881	2	6	1	1
1882	2	6	1	1
1883	2	6	1	1
1884	2	6	1	1
1885	2	6	1	1
1886	2	6	1	1
1887	2	6	1	1
1888	2	6	1	1
1889	2	6	1	1
1890	2	6	1	1
1891	2	6	1	1
1892	2	6	1	1
1893	2	6	1	1
1894	2	6	1	1
1895	2	6	1	1
1896	2	6	1	1
1897	2	6	1	1
1898	2	6	1	1
1899	2	6	1	1
1900	2	6	1	1
1901	2	6	1	1
1902	2	6	1	1
1903	2	6	1	1
1904	2	6	1	1
1905	2	6	1	1
1906	2	6	1	1
1907	2	6	1	1
1908	2	6	1	1
1909	2	6	1	1
1910	2	6	1	1
1911	2	6	1	1
1912	2	6	1	1
1913	2	6	1	1
1914	2	6	1	1
1915	2	6	1	1
1916	2	6	1	1
1917	2	6	1	1
1918	2	6	1	1
1919	2	6	1	1
1920	2	6	1	1
1921	2	6	1	1
1922	2	6	1	1
1923	2	6	1	1
1924	2	6	1	1
1925	2	6	1	1
1926	2	6	1	1
1927	2	6	1	1
1928	2	6	1	1
1929	2	6	1	1
1930	2	6	1	1
1931	2	6	1	1
1932	2	6	1	1
1933	2	6	1	1
1934	2	6	1	1
1935	2	6	1	1
1936	2	6	1	1
1937	2	6	1	1
1938	2	6	1	1
1939	2	6	1	1
1940	2	6	1	1
1941	2	6	1	1
1942	2	6	1	1
1943	2	6	1	1
1944	2	6	1	1
1945	2	6	1	1
1946	2	6	1	1
1947	2	6	1	1
1948	2	6	1	1
1949	2	6	1	1
1950	2	6	1	1
1951	2	6	1	1
1952	2	6	1	1
1953	2	6	1	1
1954	2	6	1	1
1955	2	6	1	1
1956	2	6	1	1
1957	2	6	1	1
1958	2	6	1	1
1959	2	6	1	1
1960	2	6	1	1
1961	2	6	1	1
1962	2	6	1	1
1963	2	6	1	1
1964	2	6	1	1
1965	2	6	1	1
1966	2	6	1	1
1967	2	6	1	1
1968	2	6	1	1
1969	2	6	1	1
1970	2	6	1	1
1971	2	6	1	1
1972	2	6	1	1
1973	2	6	1	1
1974	2	6	1	1
1975	2	6	1	1
1976	2	6	1	1
1977	2	6	1	1
1978	2	6	1	1
1979	2	6	1	1
1980	2	6	1	1
1981	2	6	1	1
1982	2	6	1	1
1983	2	6	1	1
1984	2	6	1	1
1985	2	6	1	1
1986	2	6	1	1
1987	2	6	1	1
1988	2	6	1	1
1989	2	6	1	1
1990	2	6	1	1
1991	2	6	1	1
1992	2	6	1	1
1993	2	6	1	1
1994	2	6	1	1
1995	2	6	1	1
1996	2	6	1	1
1997	2	6	1	1
1998	2	6	1	1
1999	2	6	1	1
2000	2	6	1	1
2001	2	6	1	1
2002	2	6	1	1
2003	2	6	1	1
2004	2	6	1	1
2005	2	6	1	1
2006	2	6	1	1
2007	2	6	1	1
2008	2	6	1	1
2009	2	6	1	1
2010	2	6	1	1
2011	2	6	1	1
2012	2	6	1	1
2013	2	6	1	1
2014	2	6	1	1
2015	2	6	1	1
2016	2	6	1	1
2017	2	6	1	1
2018	2	6	1	1
2019	2	6	1	1
2020	2	6	1	1
2021	2	6	1	1
2022	2	6	1	1
2023	2	6	1	1
2024	2	6	1	1
2025	2	6	1	1
2026	2	6	1	1
2027	2	6	1	1
2028	2	6	1	1
2029	2	6	1	1
2030	2	6	1	1
2031	2	6	1	1
2032	2	6	1	1
2033	2	6	1	1
2034	2	6	1	1
2035	2	6	1	1
2036	2	6	1	1
2037	2	6	1	1
2038	2	6	1	1
2039	2	6	1	1
2040	2	6	1	1
2041	2	6	1	1
2042	2	6	1	1
2043	2	6	1	1
2044	2	6	1	1
2045	2	6	1	1
2046	2	6	1	1
2047	2	6	1	1
2048	2	6	1	1
2049	2	6	1	1
2050	2	6	1	1
2051	2	6	1	1
2052	2	6	1	1
2053	2	6	1	1
2054	2	6	1	1
2055	2	6	1	1
2056	2	6	1	1
2057	2	6	1	1
2058	2	6	1	1
2059	2	6	1	1
2060	2	6	1	1
2061	2	6	1	1
2062	2	6	1	1
2063	2	6	1	1
2064	2	6	1	1
2065	2	6	1	1
2066	2	6	1	1
2067	2	6	1	1
2068	2	6	1	1
2069	2	6	1	1
2070	2	6	1	1
2071	2	6	1	1
2072	2	6	1	1
2073	2	6	1	1
2074	2	6	1	1
2075	2	6	1	1
2076	2	6	1	1
2077	2	6	1	1
2078	2	6	1	1
2079	2	6	1	1
2080	2	6	1	1
2081	2	6	1	2
2082	2	6	1	1
2083	2	6	1	1
2084	2	6	1	2
2085	2	6	1	3
2086	2	6	1	2
2087	2	6	1	1
2088	2	6	1	4
2089	2	6	1	1
2090	2	6	1	2
2091	2	6	1	1
2092	2	6	1	2
2093	2	6	1	1
2094	2	6	1	2
2095	2	6	1	1
2096	2	6	1	2
2097	2	6	1	1
2098	2	6	1	1
2099	2	6	1	2
2100	2	6	1	3
2101	2	6	1	1
2102	2	6	1	1
