IpNode [ID LAYER FIELD TABLE_NUM CHILD_NUM]

0	0	4	1	253
1	1	0	1	14
2	2	6	1	34
3	1	0	1	8
4	2	6	1	106
5	1	0	1	28
6	2	6	1	3
7	1	0	1	31
8	2	6	1	12
9	1	0	1	34
10	2	6	1	113
11	2	6	1	82
12	2	6	1	2
13	1	0	1	17
14	2	6	1	9
15	2	6	1	5
16	1	0	1	22
17	2	6	1	12
18	1	0	1	18
19	2	6	1	4
20	2	6	1	7
21	1	0	1	6
22	2	6	1	78
23	1	0	1	27
24	2	6	1	10
25	1	0	1	5
26	2	6	1	81
27	1	0	1	17
28	2	6	1	24
29	1	0	1	16
30	2	6	1	59
31	1	0	1	21
32	2	6	1	37
33	1	0	1	35
34	2	6	1	5
35	1	0	1	19
36	2	6	1	31
37	1	0	1	25
38	2	6	1	60
39	1	0	1	39
40	2	6	1	1
41	1	0	1	9
42	2	6	1	108
43	2	6	1	92
44	2	6	1	2
45	2	6	1	12
46	2	6	1	19
47	2	6	1	4
48	1	0	1	26
49	2	6	1	4
50	1	0	1	34
51	2	6	1	80
52	1	0	1	14
53	2	6	1	15
54	2	6	1	38
55	1	0	1	5
56	2	6	1	92
57	1	0	1	22
58	2	6	1	61
59	1	0	1	16
60	2	6	1	30
61	1	0	1	19
62	2	6	1	96
63	2	6	1	2
64	1	0	1	23
65	2	6	1	14
66	2	6	1	41
67	2	6	1	88
68	2	6	1	4
69	2	6	1	31
70	2	6	1	1
71	2	6	1	1
72	2	6	1	110
73	1	0	1	2
74	2	6	1	31
75	2	6	1	24
76	2	6	1	32
77	2	6	1	3
78	2	6	1	2
79	1	0	1	2
80	2	6	1	31
81	2	6	1	32
82	2	6	1	8
83	2	6	1	81
84	2	6	1	3
85	2	6	1	1
86	1	0	1	44
87	2	6	1	1
88	1	0	1	2
89	2	6	1	36
90	2	6	1	13
91	2	6	1	26
92	2	6	1	1
93	1	0	1	6
94	2	6	1	73
95	2	6	1	1
96	1	0	1	3
97	2	6	1	30
98	2	6	1	119
99	2	6	1	1
100	2	6	1	4
101	2	6	1	30
102	1	0	1	12
103	2	6	1	10
104	1	0	1	5
105	2	6	1	40
106	2	6	1	56
107	2	6	1	18
108	2	6	1	2
109	2	6	1	33
110	1	0	1	7
111	2	6	1	69
112	2	6	1	1
113	2	6	1	107
114	2	6	1	44
115	1	0	1	22
116	2	6	1	8
117	2	6	1	38
118	2	6	1	1
119	2	6	1	27
120	1	0	1	6
121	2	6	1	32
122	2	6	1	77
123	1	0	1	4
124	2	6	1	2
125	2	6	1	1
126	1	0	1	34
127	2	6	1	23
128	2	6	1	18
129	2	6	1	1
130	2	6	1	35
131	2	6	1	78
132	2	6	1	2
133	2	6	1	10
134	2	6	1	4
135	2	6	1	1
136	2	6	1	31
137	2	6	1	33
138	2	6	1	48
139	2	6	1	17
140	2	6	1	1
141	2	6	1	1
142	2	6	1	12
143	2	6	1	2
144	2	6	1	18
145	2	6	1	72
146	2	6	1	1
147	2	6	1	42
148	2	6	1	28
149	2	6	1	51
150	2	6	1	1
151	1	0	1	4
152	2	6	1	1
153	1	0	1	8
154	2	6	1	29
155	2	6	1	8
156	1	0	1	15
157	2	6	1	9
158	2	6	1	1
159	2	6	1	27
160	2	6	1	16
161	2	6	1	34
162	2	6	1	1
163	2	6	1	50
164	2	6	1	56
165	2	6	1	15
166	1	0	1	2
167	2	6	1	34
168	2	6	1	1
169	2	6	1	1
170	2	6	1	2
171	2	6	1	79
172	2	6	1	6
173	1	0	1	4
174	2	6	1	116
175	2	6	1	14
176	2	6	1	2
177	2	6	1	1
178	2	6	1	27
179	2	6	1	125
180	1	0	1	4
181	2	6	1	28
182	2	6	1	68
183	1	0	1	32
184	2	6	1	5
185	2	6	1	15
186	1	0	1	11
187	2	6	1	3
188	2	6	1	117
189	1	0	1	10
190	2	6	1	45
191	2	6	1	68
192	2	6	1	6
193	2	6	1	15
194	2	6	1	1
195	1	0	1	28
196	2	6	1	6
197	2	6	1	103
198	2	6	1	57
199	2	6	1	6
200	2	6	1	41
201	2	6	1	2
202	2	6	1	15
203	1	0	1	10
204	2	6	1	21
205	1	0	1	4
206	2	6	1	36
207	2	6	1	16
208	2	6	1	55
209	2	6	1	74
210	2	6	1	9
211	1	0	1	12
212	2	6	1	13
213	2	6	1	3
214	2	6	1	2
215	2	6	1	47
216	2	6	1	74
217	1	0	1	3
218	2	6	1	30
219	2	6	1	12
220	2	6	1	109
221	2	6	1	20
222	2	6	1	65
223	1	0	1	1
224	2	6	1	28
225	2	6	1	4
226	2	6	1	77
227	2	6	1	52
228	2	6	1	4
229	1	0	1	4
230	2	6	1	37
231	2	6	1	4
232	2	6	1	13
233	2	6	1	1
234	1	0	1	22
235	2	6	1	20
236	2	6	1	22
237	2	6	1	34
238	2	6	1	36
239	2	6	1	14
240	1	0	1	16
241	2	6	1	35
242	2	6	1	1
243	2	6	1	23
244	2	6	1	44
245	2	6	1	43
246	1	0	1	3
247	2	6	1	3
248	1	0	1	13
249	2	6	1	4
250	2	6	1	3
251	2	6	1	34
252	2	6	1	4
253	2	6	1	23
254	2	6	1	31
255	2	6	1	5
256	2	6	1	10
257	2	6	1	2
258	2	6	1	21
259	2	6	1	41
260	1	0	1	22
261	2	6	1	38
262	2	6	1	2
263	2	6	1	30
264	2	6	1	1
265	1	0	1	36
266	2	6	1	21
267	2	6	1	71
268	1	0	1	4
269	2	6	1	33
270	2	6	1	20
271	2	6	1	27
272	2	6	1	15
273	2	6	1	1
274	2	6	1	34
275	2	6	1	68
276	2	6	1	37
277	2	6	1	3
278	2	6	1	80
279	2	6	1	5
280	2	6	1	18
281	1	0	1	2
282	2	6	1	34
283	2	6	1	32
284	1	0	1	4
285	2	6	1	1
286	2	6	1	1
287	2	6	1	82
288	2	6	1	36
289	2	6	1	20
290	2	6	1	23
291	2	6	1	5
292	2	6	1	1
293	1	0	1	24
294	2	6	1	5
295	2	6	1	3
296	2	6	1	31
297	2	6	1	64
298	2	6	1	6
299	1	0	1	2
300	2	6	1	30
301	2	6	1	7
302	1	0	1	10
303	2	6	1	34
304	2	6	1	23
305	2	6	1	6
306	2	6	1	1
307	1	0	1	4
308	2	6	1	37
309	1	0	1	16
310	2	6	1	1
311	2	6	1	9
312	2	6	1	25
313	2	6	1	29
314	2	6	1	21
315	2	6	1	40
316	2	6	1	10
317	2	6	1	2
318	2	6	1	14
319	1	0	1	3
320	2	6	1	38
321	2	6	1	5
322	2	6	1	2
323	1	0	1	40
324	2	6	1	2
325	2	6	1	25
326	2	6	1	11
327	1	0	1	7
328	2	6	1	29
329	2	6	1	4
330	2	6	1	30
331	2	6	1	2
332	2	6	1	43
333	2	6	1	21
334	2	6	1	16
335	2	6	1	10
336	2	6	1	8
337	2	6	1	8
338	1	0	1	10
339	2	6	1	34
340	2	6	1	107
341	2	6	1	43
342	2	6	1	18
343	1	0	1	4
344	2	6	1	33
345	2	6	1	2
346	1	0	1	25
347	2	6	1	6
348	2	6	1	1
349	2	6	1	31
350	2	6	1	79
351	2	6	1	11
352	2	6	1	4
353	1	0	1	2
354	2	6	1	34
355	2	6	1	5
356	2	6	1	2
357	2	6	1	82
358	2	6	1	33
359	2	6	1	31
360	2	6	1	1
361	2	6	1	9
362	2	6	1	31
363	2	6	1	38
364	2	6	1	13
365	2	6	1	1
366	2	6	1	3
367	2	6	1	9
368	1	0	1	13
369	2	6	1	19
370	2	6	1	2
371	1	0	1	5
372	2	6	1	32
373	2	6	1	19
374	2	6	1	30
375	2	6	1	5
376	1	0	1	4
377	2	6	1	32
378	2	6	1	1
379	2	6	1	4
380	2	6	1	22
381	2	6	1	10
382	2	6	1	89
383	2	6	1	37
384	2	6	1	6
385	2	6	1	103
386	2	6	1	23
387	2	6	1	38
388	2	6	1	9
389	2	6	1	1
390	2	6	1	6
391	2	6	1	1
392	2	6	1	8
393	2	6	1	14
394	1	0	1	4
395	2	6	1	78
396	2	6	1	6
397	1	0	1	5
398	2	6	1	39
399	2	6	1	1
400	2	6	1	2
401	2	6	1	1
402	2	6	1	82
403	2	6	1	9
404	2	6	1	35
405	2	6	1	6
406	2	6	1	5
407	2	6	1	1
408	1	0	1	8
409	2	6	1	11
410	2	6	1	15
411	2	6	1	102
412	2	6	1	8
413	2	6	1	1
414	2	6	1	3
415	1	0	1	3
416	2	6	1	36
417	2	6	1	9
418	2	6	1	7
419	2	6	1	116
420	1	0	1	2
421	2	6	1	33
422	2	6	1	14
423	2	6	1	6
424	1	0	1	37
425	2	6	1	1
426	2	6	1	9
427	2	6	1	4
428	2	6	1	19
429	1	0	1	10
430	2	6	1	36
431	1	0	1	15
432	2	6	1	3
433	2	6	1	7
434	2	6	1	14
435	2	6	1	8
436	2	6	1	3
437	1	0	1	20
438	2	6	1	35
439	1	0	1	14
440	2	6	1	8
441	2	6	1	4
442	1	0	1	3
443	2	6	1	37
444	2	6	1	28
445	2	6	1	9
446	2	6	1	5
447	2	6	1	1
448	2	6	1	3
449	2	6	1	1
450	2	6	1	5
451	1	0	1	1
452	2	6	1	39
453	2	6	1	31
454	2	6	1	1
455	1	0	1	9
456	2	6	1	85
457	2	6	1	10
458	2	6	1	105
459	1	0	1	3
460	2	6	1	29
461	2	6	1	2
462	2	6	1	8
463	2	6	1	33
464	2	6	1	5
465	2	6	1	107
466	2	6	1	14
467	1	0	1	4
468	2	6	1	39
469	2	6	1	8
470	2	6	1	1
471	2	6	1	27
472	2	6	1	122
473	2	6	1	44
474	2	6	1	26
475	2	6	1	20
476	2	6	1	1
477	2	6	1	2
478	2	6	1	7
479	2	6	1	14
480	2	6	1	20
481	1	0	1	9
482	2	6	1	36
483	1	0	1	4
484	2	6	1	74
485	2	6	1	20
486	2	6	1	3
487	2	6	1	17
488	2	6	1	1
489	2	6	1	112
490	2	6	1	36
491	2	6	1	23
492	2	6	1	2
493	2	6	1	1
494	2	6	1	33
495	1	0	1	1
496	2	6	1	40
497	2	6	1	16
498	2	6	1	31
499	2	6	1	4
500	1	0	1	10
501	2	6	1	68
502	2	6	1	75
503	2	6	1	6
504	1	0	1	4
505	2	6	1	30
506	2	6	1	9
507	2	6	1	18
508	1	0	1	5
509	2	6	1	102
510	2	6	1	7
511	2	6	1	10
512	2	6	1	39
513	1	0	1	6
514	2	6	1	2
515	1	0	1	13
516	2	6	1	21
517	2	6	1	3
518	2	6	1	3
519	2	6	1	109
520	2	6	1	31
521	1	0	1	4
522	2	6	1	5
523	2	6	1	24
524	2	6	1	3
525	2	6	1	5
526	2	6	1	2
527	1	0	1	6
528	2	6	1	99
529	2	6	1	1
530	2	6	1	1
531	1	0	1	2
532	2	6	1	39
533	2	6	1	27
534	2	6	1	115
535	2	6	1	3
536	2	6	1	1
537	2	6	1	23
538	2	6	1	2
539	2	6	1	31
540	2	6	1	1
541	2	6	1	5
542	1	0	1	23
543	2	6	1	9
544	2	6	1	43
545	2	6	1	44
546	1	0	1	8
547	2	6	1	33
548	2	6	1	27
549	2	6	1	1
550	1	0	1	12
551	2	6	1	2
552	2	6	1	34
553	2	6	1	66
554	1	0	1	34
555	2	6	1	46
556	2	6	1	1
557	2	6	1	1
558	2	6	1	42
559	2	6	1	35
560	2	6	1	1
561	2	6	1	65
562	2	6	1	29
563	2	6	1	63
564	2	6	1	59
565	2	6	1	28
566	2	6	1	1
567	2	6	1	1
568	2	6	1	3
569	1	0	1	3
570	2	6	1	35
571	2	6	1	54
572	2	6	1	72
573	2	6	1	6
574	2	6	1	29
575	1	0	1	3
576	2	6	1	30
577	1	0	1	11
578	2	6	1	21
579	2	6	1	9
580	2	6	1	1
581	2	6	1	47
582	1	0	1	26
583	2	6	1	23
584	2	6	1	30
585	1	0	1	2
586	2	6	1	33
587	2	6	1	4
588	2	6	1	5
589	2	6	1	38
590	2	6	1	41
591	2	6	1	57
592	2	6	1	2
593	2	6	1	29
594	2	6	1	3
595	2	6	1	17
596	2	6	1	2
597	2	6	1	46
598	2	6	1	38
599	1	0	1	7
600	2	6	1	39
601	2	6	1	1
602	2	6	1	6
603	2	6	1	24
604	2	6	1	47
605	2	6	1	49
606	2	6	1	32
607	2	6	1	11
608	2	6	1	1
609	2	6	1	34
610	1	0	1	5
611	2	6	1	1
612	2	6	1	100
613	2	6	1	34
614	2	6	1	22
615	2	6	1	1
616	2	6	1	47
617	2	6	1	1
618	2	6	1	62
619	2	6	1	38
620	2	6	1	1
621	2	6	1	13
622	2	6	1	12
623	2	6	1	7
624	2	6	1	3
625	2	6	1	21
626	2	6	1	50
627	2	6	1	2
628	2	6	1	25
629	1	0	1	18
630	2	6	1	4
631	1	0	1	16
632	2	6	1	2
633	2	6	1	4
634	2	6	1	37
635	2	6	1	38
636	2	6	1	26
637	2	6	1	9
638	2	6	1	59
639	2	6	1	13
640	2	6	1	29
641	2	6	1	1
642	2	6	1	31
643	2	6	1	1
644	2	6	1	11
645	2	6	1	35
646	2	6	1	7
647	2	6	1	26
648	2	6	1	32
649	2	6	1	3
650	2	6	1	1
651	2	6	1	2
652	2	6	1	38
653	2	6	1	31
654	2	6	1	18
655	1	0	1	4
656	2	6	1	38
657	2	6	1	13
658	2	6	1	1
659	2	6	1	2
660	2	6	1	25
661	2	6	1	15
662	2	6	1	3
663	2	6	1	64
664	2	6	1	7
665	2	6	1	1
666	2	6	1	68
667	2	6	1	11
668	2	6	1	17
669	2	6	1	1
670	2	6	1	11
671	2	6	1	24
672	2	6	1	18
673	2	6	1	8
674	2	6	1	61
675	2	6	1	1
676	2	6	1	5
677	2	6	1	10
678	2	6	1	3
679	1	0	1	12
680	2	6	1	6
681	2	6	1	9
682	2	6	1	25
683	2	6	1	26
684	2	6	1	3
685	1	0	1	2
686	2	6	1	42
687	2	6	1	8
688	2	6	1	1
689	2	6	1	2
690	2	6	1	21
691	2	6	1	5
692	2	6	1	7
693	1	0	1	3
694	2	6	1	40
695	2	6	1	1
696	2	6	1	1
697	1	0	1	23
698	2	6	1	28
699	2	6	1	26
700	1	0	1	7
701	2	6	1	35
702	2	6	1	2
703	2	6	1	3
704	2	6	1	3
705	2	6	1	57
706	2	6	1	33
707	2	6	1	40
708	2	6	1	36
709	2	6	1	2
710	2	6	1	1
711	2	6	1	61
712	2	6	1	86
713	2	6	1	27
714	2	6	1	37
715	2	6	1	1
716	2	6	1	1
717	2	6	1	75
718	2	6	1	60
719	1	0	1	3
720	2	6	1	33
721	2	6	1	19
722	2	6	1	2
723	2	6	1	3
724	2	6	1	62
725	1	0	1	5
726	2	6	1	29
727	2	6	1	22
728	2	6	1	1
729	2	6	1	35
730	2	6	1	2
731	1	0	1	37
732	2	6	1	36
733	2	6	1	45
734	2	6	1	18
735	2	6	1	31
736	2	6	1	3
737	2	6	1	68
738	2	6	1	1
739	2	6	1	14
740	2	6	1	71
741	2	6	1	88
742	2	6	1	3
743	2	6	1	39
744	2	6	1	1
745	2	6	1	75
746	2	6	1	39
747	2	6	1	15
748	2	6	1	29
749	2	6	1	78
750	2	6	1	24
751	2	6	1	36
752	2	6	1	14
753	2	6	1	1
754	2	6	1	4
755	2	6	1	19
756	2	6	1	91
757	2	6	1	1
758	2	6	1	16
759	2	6	1	69
760	1	0	1	6
761	2	6	1	30
762	2	6	1	4
763	2	6	1	23
764	2	6	1	19
765	2	6	1	101
766	1	0	1	44
767	2	6	1	31
768	1	0	1	31
769	2	6	1	1
770	2	6	1	83
771	2	6	1	22
772	2	6	1	2
773	1	0	1	3
774	2	6	1	36
775	2	6	1	15
776	2	6	1	5
777	1	0	1	4
778	2	6	1	7
779	2	6	1	19
780	2	6	1	45
781	2	6	1	25
782	2	6	1	13
783	1	0	1	2
784	2	6	1	1
785	2	6	1	6
786	2	6	1	47
787	2	6	1	98
788	2	6	1	21
789	2	6	1	23
790	2	6	1	34
791	2	6	1	2
792	1	0	1	23
793	2	6	1	1
794	2	6	1	41
795	2	6	1	17
796	2	6	1	43
797	2	6	1	13
798	1	0	1	6
799	2	6	1	2
800	2	6	1	1
801	2	6	1	15
802	2	6	1	3
803	2	6	1	2
804	2	6	1	21
805	2	6	1	35
806	2	6	1	2
807	2	6	1	2
808	2	6	1	1
809	2	6	1	11
810	2	6	1	3
811	2	6	1	14
812	2	6	1	11
813	2	6	1	2
814	2	6	1	9
815	1	0	1	12
816	2	6	1	12
817	2	6	1	1
818	2	6	1	12
819	2	6	1	7
820	2	6	1	3
821	2	6	1	9
822	2	6	1	17
823	2	6	1	13
824	2	6	1	2
825	2	6	1	13
826	2	6	1	12
827	2	6	1	2
828	2	6	1	9
829	2	6	1	1
830	2	6	1	16
831	2	6	1	5
832	2	6	1	3
833	1	0	1	4
834	2	6	1	33
835	2	6	1	19
836	2	6	1	10
837	2	6	1	1
838	2	6	1	10
839	2	6	1	15
840	2	6	1	37
841	2	6	1	30
842	2	6	1	8
843	2	6	1	23
844	2	6	1	8
845	2	6	1	39
846	2	6	1	26
847	1	0	1	3
848	2	6	1	37
849	2	6	1	2
850	2	6	1	31
851	2	6	1	9
852	2	6	1	18
853	2	6	1	3
854	2	6	1	28
855	2	6	1	5
856	2	6	1	34
857	2	6	1	25
858	2	6	1	8
859	1	0	1	24
860	2	6	1	29
861	2	6	1	55
862	2	6	1	34
863	2	6	1	4
864	2	6	1	9
865	2	6	1	82
866	2	6	1	23
867	2	6	1	5
868	2	6	1	38
869	2	6	1	5
870	2	6	1	3
871	2	6	1	1
872	2	6	1	6
873	2	6	1	43
874	1	0	1	5
875	2	6	1	34
876	2	6	1	2
877	2	6	1	32
878	2	6	1	2
879	2	6	1	61
880	2	6	1	3
881	2	6	1	20
882	2	6	1	2
883	2	6	1	45
884	2	6	1	10
885	2	6	1	2
886	2	6	1	51
887	2	6	1	29
888	1	0	1	5
889	2	6	1	40
890	2	6	1	5
891	2	6	1	2
892	2	6	1	2
893	2	6	1	1
894	2	6	1	24
895	2	6	1	7
896	2	6	1	32
897	2	6	1	17
898	2	6	1	31
899	1	0	1	13
900	2	6	1	9
901	2	6	1	10
902	2	6	1	28
903	2	6	1	30
904	2	6	1	5
905	1	0	1	4
906	2	6	1	31
907	2	6	1	6
908	2	6	1	26
909	2	6	1	25
910	2	6	1	6
911	2	6	1	11
912	2	6	1	46
913	2	6	1	2
914	2	6	1	7
915	1	0	1	3
916	2	6	1	1
917	2	6	1	23
918	2	6	1	36
919	2	6	1	6
920	2	6	1	36
921	2	6	1	5
922	2	6	1	8
923	2	6	1	12
924	2	6	1	32
925	2	6	1	38
926	2	6	1	24
927	2	6	1	6
928	2	6	1	27
929	2	6	1	18
930	2	6	1	38
931	2	6	1	47
932	2	6	1	9
933	2	6	1	52
934	2	6	1	6
935	1	0	1	5
936	2	6	1	32
937	2	6	1	27
938	2	6	1	8
939	2	6	1	1
940	2	6	1	6
941	2	6	1	7
942	2	6	1	31
943	2	6	1	68
944	2	6	1	6
945	2	6	1	2
946	2	6	1	13
947	2	6	1	25
948	2	6	1	8
949	2	6	1	32
950	2	6	1	75
951	2	6	1	29
952	2	6	1	33
953	2	6	1	4
954	2	6	1	1
955	2	6	1	74
956	2	6	1	68
957	2	6	1	8
958	1	0	1	10
959	2	6	1	23
960	2	6	1	4
961	1	0	1	5
962	2	6	1	28
963	2	6	1	30
964	2	6	1	23
965	2	6	1	108
966	2	6	1	3
967	2	6	1	36
968	2	6	1	10
969	2	6	1	68
970	2	6	1	1
971	2	6	1	26
972	2	6	1	12
973	2	6	1	46
974	1	0	1	5
975	2	6	1	36
976	2	6	1	1
977	2	6	1	59
978	2	6	1	1
979	2	6	1	4
980	2	6	1	3
981	2	6	1	116
982	2	6	1	4
983	1	0	1	12
984	2	6	1	30
985	1	0	1	22
986	2	6	1	29
987	2	6	1	15
988	2	6	1	1
989	2	6	1	32
990	2	6	1	39
991	1	0	1	4
992	2	6	1	22
993	2	6	1	24
994	1	0	1	12
995	2	6	1	102
996	2	6	1	82
997	2	6	1	2
998	2	6	1	70
999	2	6	1	20
1000	2	6	1	4
1001	1	0	1	32
1002	2	6	1	39
1003	2	6	1	49
1004	2	6	1	80
1005	2	6	1	8
1006	1	0	1	6
1007	2	6	1	38
1008	2	6	1	1
1009	2	6	1	20
1010	2	6	1	3
1011	2	6	1	4
1012	2	6	1	93
1013	2	6	1	18
1014	2	6	1	23
1015	1	0	1	7
1016	2	6	1	22
1017	2	6	1	2
1018	2	6	1	10
1019	1	0	1	7
1020	2	6	1	28
1021	2	6	1	22
1022	2	6	1	1
1023	2	6	1	1
1024	2	6	1	23
1025	2	6	1	1
1026	1	0	1	12
1027	2	6	1	1
1028	2	6	1	32
1029	2	6	1	22
1030	2	6	1	44
1031	2	6	1	1
1032	2	6	1	3
1033	2	6	1	2
1034	2	6	1	9
1035	2	6	1	27
1036	2	6	1	18
1037	2	6	1	1
1038	2	6	1	3
1039	1	0	1	6
1040	2	6	1	34
1041	2	6	1	18
1042	2	6	1	15
1043	2	6	1	42
1044	2	6	1	28
1045	2	6	1	1
1046	1	0	1	2
1047	2	6	1	1
1048	2	6	1	14
1049	2	6	1	5
1050	2	6	1	9
1051	1	0	1	13
1052	2	6	1	2
1053	1	0	1	2
1054	2	6	1	33
1055	2	6	1	30
1056	2	6	1	10
1057	2	6	1	8
1058	2	6	1	45
1059	1	0	1	1
1060	2	6	1	39
1061	2	6	1	13
1062	2	6	1	6
1063	2	6	1	44
1064	2	6	1	8
1065	2	6	1	19
1066	2	6	1	34
1067	2	6	1	9
1068	2	6	1	2
1069	2	6	1	4
1070	2	6	1	31
1071	2	6	1	9
1072	1	0	1	6
1073	2	6	1	25
1074	2	6	1	37
1075	2	6	1	1
1076	1	0	1	7
1077	2	6	1	32
1078	2	6	1	3
1079	2	6	1	28
1080	2	6	1	8
1081	1	0	1	15
1082	2	6	1	51
1083	2	6	1	1
1084	2	6	1	12
1085	2	6	1	51
1086	2	6	1	20
1087	2	6	1	8
1088	2	6	1	45
1089	2	6	1	69
1090	2	6	1	4
1091	1	0	1	3
1092	2	6	1	27
1093	2	6	1	22
1094	2	6	1	3
1095	2	6	1	42
1096	2	6	1	4
1097	2	6	1	30
1098	2	6	1	5
1099	2	6	1	28
1100	2	6	1	17
1101	1	0	1	6
1102	2	6	1	2
1103	2	6	1	2
1104	2	6	1	53
1105	2	6	1	13
1106	2	6	1	23
1107	2	6	1	34
1108	2	6	1	3
1109	2	6	1	5
1110	2	6	1	8
1111	1	0	1	4
1112	2	6	1	27
1113	2	6	1	46
1114	2	6	1	7
1115	2	6	1	30
1116	2	6	1	5
1117	2	6	1	4
1118	2	6	1	26
1119	1	0	1	2
1120	2	6	1	34
1121	2	6	1	44
1122	2	6	1	4
1123	2	6	1	13
1124	2	6	1	6
1125	2	6	1	8
1126	1	0	1	8
1127	2	6	1	36
1128	2	6	1	62
1129	2	6	1	5
1130	2	6	1	24
1131	2	6	1	3
1132	2	6	1	8
1133	1	0	1	3
1134	2	6	1	30
1135	2	6	1	11
1136	2	6	1	2
1137	2	6	1	5
1138	2	6	1	1
1139	1	0	1	4
1140	2	6	1	32
1141	2	6	1	78
1142	2	6	1	9
1143	2	6	1	10
1144	2	6	1	2
1145	2	6	1	39
1146	2	6	1	46
1147	2	6	1	14
1148	2	6	1	8
1149	2	6	1	10
1150	1	0	1	7
1151	2	6	1	13
1152	1	0	1	10
1153	2	6	1	11
1154	2	6	1	45
1155	2	6	1	64
1156	2	6	1	12
1157	2	6	1	4
1158	2	6	1	35
1159	2	6	1	10
1160	2	6	1	57
1161	2	6	1	27
1162	2	6	1	2
1163	2	6	1	5
1164	2	6	1	8
1165	1	0	1	3
1166	2	6	1	35
1167	2	6	1	5
1168	1	0	1	3
1169	2	6	1	26
1170	2	6	1	26
1171	2	6	1	38
1172	2	6	1	12
1173	2	6	1	1
1174	2	6	1	7
1175	2	6	1	19
1176	2	6	1	6
1177	2	6	1	3
1178	2	6	1	3
1179	1	0	1	6
1180	2	6	1	49
1181	2	6	1	9
1182	2	6	1	36
1183	2	6	1	2
1184	2	6	1	33
1185	2	6	1	126
1186	2	6	1	8
1187	2	6	1	60
1188	2	6	1	6
1189	1	0	1	3
1190	2	6	1	24
1191	2	6	1	6
1192	2	6	1	4
1193	2	6	1	12
1194	2	6	1	58
1195	1	0	1	2
1196	2	6	1	23
1197	2	6	1	8
1198	1	0	1	12
1199	2	6	1	63
1200	2	6	1	3
1201	2	6	1	21
1202	2	6	1	118
1203	2	6	1	13
1204	2	6	1	33
1205	2	6	1	5
1206	2	6	1	4
1207	1	0	1	30
1208	2	6	1	51
1209	2	6	1	9
1210	2	6	1	69
1211	2	6	1	10
1212	2	6	1	54
1213	2	6	1	9
1214	1	0	1	2
1215	2	6	1	29
1216	1	0	1	10
1217	2	6	1	25
1218	2	6	1	95
1219	2	6	1	12
1220	2	6	1	5
1221	1	0	1	13
1222	2	6	1	4
1223	1	0	1	5
1224	2	6	1	26
1225	2	6	1	114
1226	2	6	1	6
1227	2	6	1	4
1228	2	6	1	9
1229	1	0	1	10
1230	2	6	1	33
1231	2	6	1	7
1232	2	6	1	2
1233	1	0	1	31
1234	2	6	1	7
1235	2	6	1	90
1236	2	6	1	18
1237	2	6	1	3
1238	1	0	1	4
1239	2	6	1	24
1240	2	6	1	7
1241	2	6	1	22
1242	2	6	1	33
1243	2	6	1	7
1244	2	6	1	22
1245	2	6	1	15
1246	2	6	1	2
1247	2	6	1	3
1248	2	6	1	5
1249	2	6	1	16
1250	1	0	1	5
1251	2	6	1	29
1252	2	6	1	14
1253	2	6	1	3
1254	2	6	1	20
1255	2	6	1	30
1256	2	6	1	39
1257	2	6	1	6
1258	2	6	1	41
1259	2	6	1	6
1260	2	6	1	14
1261	2	6	1	75
1262	2	6	1	9
1263	1	0	1	7
1264	2	6	1	35
1265	2	6	1	8
1266	2	6	1	9
1267	2	6	1	13
1268	2	6	1	78
1269	2	6	1	10
1270	2	6	1	37
1271	2	6	1	2
1272	2	6	1	4
1273	2	6	1	85
1274	2	6	1	10
1275	2	6	1	11
1276	2	6	1	17
1277	2	6	1	28
1278	2	6	1	5
1279	2	6	1	10
1280	2	6	1	65
1281	1	0	1	3
1282	2	6	1	31
1283	2	6	1	9
1284	2	6	1	8
1285	2	6	1	2
1286	2	6	1	69
1287	1	0	1	5
1288	2	6	1	28
1289	2	6	1	18
1290	2	6	1	12
1291	2	6	1	12
1292	2	6	1	3
1293	1	0	1	7
1294	2	6	1	33
1295	2	6	1	13
1296	2	6	1	60
1297	2	6	1	3
1298	2	6	1	9
1299	2	6	1	33
1300	1	0	1	2
1301	2	6	1	28
1302	2	6	1	59
1303	2	6	1	9
1304	2	6	1	25
1305	2	6	1	18
1306	2	6	1	21
1307	2	6	1	2
1308	2	6	1	8
1309	1	0	1	1
1310	2	6	1	32
1311	2	6	1	11
1312	1	0	1	40
1313	2	6	1	1
1314	2	6	1	32
1315	2	6	1	2
1316	2	6	1	70
1317	2	6	1	11
1318	2	6	1	7
1319	2	6	1	3
1320	2	6	1	79
1321	1	0	1	6
1322	2	6	1	27
1323	2	6	1	10
1324	2	6	1	12
1325	2	6	1	3
1326	2	6	1	1
1327	2	6	1	62
1328	2	6	1	8
1329	2	6	1	2
1330	2	6	1	29
1331	2	6	1	1
1332	2	6	1	7
1333	2	6	1	4
1334	2	6	1	2
1335	2	6	1	12
1336	2	6	1	64
1337	1	0	1	5
1338	2	6	1	31
1339	2	6	1	8
1340	2	6	1	45
1341	2	6	1	2
1342	1	0	1	5
1343	2	6	1	33
1344	2	6	1	5
1345	2	6	1	2
1346	2	6	1	1
1347	2	6	1	3
1348	2	6	1	62
1349	2	6	1	38
1350	2	6	1	16
1351	2	6	1	4
1352	2	6	1	16
1353	2	6	1	2
1354	2	6	1	3
1355	1	0	1	1
1356	2	6	1	32
1357	2	6	1	14
1358	1	0	1	18
1359	2	6	1	21
1360	1	0	1	18
1361	2	6	1	1
1362	2	6	1	13
1363	2	6	1	22
1364	2	6	1	3
1365	2	6	1	2
1366	1	0	1	3
1367	2	6	1	26
1368	2	6	1	45
1369	2	6	1	42
1370	2	6	1	2
1371	2	6	1	3
1372	2	6	1	3
1373	2	6	1	16
1374	2	6	1	3
1375	2	6	1	60
1376	2	6	1	24
1377	2	6	1	1
1378	2	6	1	18
1379	2	6	1	65
1380	2	6	1	34
1381	2	6	1	2
1382	2	6	1	1
1383	2	6	1	4
1384	2	6	1	17
1385	2	6	1	56
1386	2	6	1	3
1387	2	6	1	3
1388	2	6	1	32
1389	2	6	1	3
1390	2	6	1	1
1391	2	6	1	2
1392	2	6	1	24
1393	2	6	1	69
1394	2	6	1	1
1395	2	6	1	32
1396	2	6	1	3
1397	2	6	1	2
1398	2	6	1	13
1399	2	6	1	50
1400	2	6	1	72
1401	2	6	1	3
1402	2	6	1	38
1403	2	6	1	2
1404	2	6	1	1
1405	2	6	1	1
1406	1	0	1	9
1407	2	6	1	105
1408	1	0	1	4
1409	2	6	1	31
1410	2	6	1	68
1411	2	6	1	3
1412	2	6	1	10
1413	2	6	1	4
1414	2	6	1	1
1415	2	6	1	3
1416	2	6	1	90
1417	2	6	1	72
1418	2	6	1	29
1419	2	6	1	3
1420	2	6	1	29
1421	2	6	1	89
1422	2	6	1	10
1423	1	0	1	2
1424	2	6	1	30
1425	2	6	1	5
1426	2	6	1	4
1427	2	6	1	38
1428	2	6	1	56
1429	2	6	1	73
1430	2	6	1	4
1431	2	6	1	2
1432	2	6	1	32
1433	1	0	1	7
1434	2	6	1	39
1435	2	6	1	29
1436	2	6	1	16
1437	2	6	1	9
1438	2	6	1	1
1439	2	6	1	30
1440	2	6	1	6
1441	1	0	1	3
1442	2	6	1	33
1443	2	6	1	16
1444	2	6	1	11
1445	2	6	1	4
1446	2	6	1	1
1447	2	6	1	4
1448	2	6	1	19
1449	2	6	1	8
1450	2	6	1	14
1451	1	0	1	5
1452	2	6	1	28
1453	2	6	1	1
1454	1	0	1	44
1455	2	6	1	2
1456	2	6	1	8
1457	2	6	1	3
1458	2	6	1	15
1459	2	6	1	1
1460	2	6	1	21
1461	2	6	1	8
1462	2	6	1	7
1463	2	6	1	35
1464	1	0	1	12
1465	2	6	1	21
1466	2	6	1	2
1467	2	6	1	104
1468	2	6	1	42
1469	2	6	1	1
1470	2	6	1	37
1471	2	6	1	3
1472	2	6	1	3
1473	2	6	1	108
1474	2	6	1	46
1475	2	6	1	2
1476	2	6	1	2
1477	2	6	1	5
1478	2	6	1	11
1479	2	6	1	1
1480	2	6	1	91
1481	2	6	1	60
1482	2	6	1	2
1483	2	6	1	5
1484	2	6	1	6
1485	2	6	1	2
1486	2	6	1	47
1487	2	6	1	60
1488	1	0	1	2
1489	2	6	1	32
1490	2	6	1	4
1491	2	6	1	5
1492	2	6	1	2
1493	2	6	1	10
1494	2	6	1	1
1495	2	6	1	3
1496	2	6	1	81
1497	1	0	1	3
1498	2	6	1	32
1499	2	6	1	60
1500	2	6	1	75
1501	1	0	1	5
1502	2	6	1	1
1503	2	6	1	38
1504	2	6	1	5
1505	2	6	1	3
1506	2	6	1	36
1507	2	6	1	62
1508	2	6	1	61
1509	2	6	1	3
1510	2	6	1	1
1511	2	6	1	2
1512	2	6	1	31
1513	2	6	1	6
1514	2	6	1	106
1515	2	6	1	12
1516	2	6	1	2
1517	2	6	1	3
1518	2	6	1	12
1519	2	6	1	1
1520	1	0	1	15
1521	2	6	1	59
1522	1	0	1	2
1523	2	6	1	30
1524	1	0	1	2
1525	2	6	1	2
1526	2	6	1	79
1527	2	6	1	68
1528	2	6	1	20
1529	2	6	1	38
1530	2	6	1	37
1531	2	6	1	1
1532	2	6	1	34
1533	2	6	1	124
1534	2	6	1	19
1535	1	0	1	8
1536	2	6	1	33
1537	2	6	1	1
1538	2	6	1	72
1539	2	6	1	3
1540	2	6	1	23
1541	2	6	1	31
1542	2	6	1	3
1543	2	6	1	11
1544	2	6	1	21
1545	2	6	1	70
1546	2	6	1	58
1547	2	6	1	15
1548	1	0	1	3
1549	2	6	1	35
1550	2	6	1	1
1551	1	0	1	16
1552	2	6	1	1
1553	2	6	1	3
1554	2	6	1	117
1555	2	6	1	13
1556	1	0	1	3
1557	2	6	1	37
1558	2	6	1	62
1559	2	6	1	8
1560	2	6	1	4
1561	2	6	1	107
1562	1	0	1	5
1563	2	6	1	34
1564	2	6	1	13
1565	2	6	1	63
1566	2	6	1	7
1567	2	6	1	1
1568	2	6	1	2
1569	2	6	1	1
1570	2	6	1	43
1571	2	6	1	5
1572	2	6	1	7
1573	1	0	1	12
1574	2	6	1	52
1575	2	6	1	7
1576	2	6	1	3
1577	2	6	1	39
1578	2	6	1	1
1579	2	6	1	7
1580	2	6	1	51
1581	2	6	1	12
1582	2	6	1	7
1583	1	0	1	9
1584	2	6	1	39
1585	2	6	1	11
1586	2	6	1	5
1587	2	6	1	8
1588	1	0	1	6
1589	2	6	1	32
1590	2	6	1	33
1591	2	6	1	1
1592	2	6	1	9
1593	2	6	1	3
1594	2	6	1	9
1595	2	6	1	52
1596	2	6	1	8
1597	1	0	1	6
1598	2	6	1	30
1599	2	6	1	2
1600	2	6	1	2
1601	2	6	1	6
1602	2	6	1	69
1603	2	6	1	37
1604	2	6	1	3
1605	2	6	1	5
1606	2	6	1	11
1607	2	6	1	51
1608	2	6	1	1
1609	2	6	1	75
1610	2	6	1	127
1611	2	6	1	1
1612	2	6	1	1
1613	2	6	1	34
1614	2	6	1	9
1615	2	6	1	3
1616	2	6	1	1
1617	2	6	1	16
1618	2	6	1	71
1619	2	6	1	73
1620	2	6	1	41
1621	2	6	1	2
1622	2	6	1	64
1623	2	6	1	115
1624	2	6	1	17
1625	2	6	1	8
1626	2	6	1	5
1627	2	6	1	26
1628	2	6	1	19
1629	2	6	1	2
1630	2	6	1	27
1631	2	6	1	71
1632	2	6	1	13
1633	2	6	1	17
1634	2	6	1	12
1635	2	6	1	6
1636	2	6	1	3
1637	2	6	1	1
1638	2	6	1	3
1639	2	6	1	7
1640	1	0	1	2
1641	2	6	1	30
1642	2	6	1	1
1643	2	6	1	25
1644	2	6	1	44
1645	2	6	1	2
1646	2	6	1	11
1647	1	0	1	2
1648	2	6	1	31
1649	2	6	1	14
1650	2	6	1	4
1651	2	6	1	3
1652	2	6	1	63
1653	2	6	1	4
1654	2	6	1	31
1655	2	6	1	10
1656	2	6	1	5
1657	2	6	1	16
1658	1	0	1	5
1659	2	6	1	34
1660	2	6	1	11
1661	2	6	1	48
1662	2	6	1	23
1663	2	6	1	36
1664	2	6	1	38
1665	2	6	1	70
1666	2	6	1	1
1667	2	6	1	1
1668	2	6	1	2
1669	2	6	1	1
1670	2	6	1	74
1671	1	0	1	3
1672	2	6	1	31
1673	2	6	1	29
1674	2	6	1	12
1675	2	6	1	5
1676	2	6	1	4
1677	2	6	1	1
1678	1	0	1	6
1679	2	6	1	31
1680	2	6	1	89
1681	2	6	1	23
1682	2	6	1	20
1683	2	6	1	11
1684	2	6	1	54
1685	2	6	1	34
1686	2	6	1	79
1687	2	6	1	6
1688	2	6	1	79
1689	2	6	1	10
1690	2	6	1	56
1691	2	6	1	35
1692	2	6	1	4
1693	2	6	1	6
1694	2	6	1	19
1695	2	6	1	4
1696	1	0	1	3
1697	2	6	1	29
1698	2	6	1	56
1699	2	6	1	6
1700	2	6	1	79
1701	2	6	1	33
1702	2	6	1	1
1703	2	6	1	26
1704	2	6	1	73
1705	2	6	1	81
1706	2	6	1	92
1707	1	0	1	2
1708	2	6	1	41
1709	2	6	1	2
1710	2	6	1	28
1711	2	6	1	56
1712	2	6	1	65
1713	1	0	1	4
1714	2	6	1	33
1715	2	6	1	21
1716	2	6	1	18
1717	2	6	1	72
1718	2	6	1	2
1719	2	6	1	42
1720	2	6	1	2
1721	2	6	1	30
1722	2	6	1	34
1723	2	6	1	1
1724	2	6	1	16
1725	2	6	1	1
1726	2	6	1	76
1727	2	6	1	23
1728	2	6	1	81
1729	2	6	1	1
1730	2	6	1	77
1731	2	6	1	114
1732	2	6	1	34
1733	2	6	1	1
1734	2	6	1	58
1735	2	6	1	8
1736	2	6	1	33
1737	2	6	1	24
1738	2	6	1	2
1739	2	6	1	1
1740	2	6	1	4
1741	2	6	1	26
1742	2	6	1	66
1743	2	6	1	1
1744	2	6	1	12
1745	2	6	1	1
1746	2	6	1	11
1747	2	6	1	20
1748	2	6	1	95
1749	2	6	1	8
1750	2	6	1	2
1751	2	6	1	1
1752	2	6	1	12
1753	2	6	1	1
1754	2	6	1	3
1755	2	6	1	15
1756	2	6	1	5
1757	2	6	1	1
1758	2	6	1	1
1759	1	0	1	2
1760	2	6	1	34
1761	2	6	1	6
1762	2	6	1	13
1763	2	6	1	9
1764	2	6	1	121
1765	2	6	1	18
1766	2	6	1	5
1767	2	6	1	120
1768	2	6	1	9
1769	2	6	1	6
1770	1	0	1	2
1771	2	6	1	34
1772	2	6	1	26
1773	2	6	1	9
1774	2	6	1	45
1775	2	6	1	1
1776	2	6	1	127
1777	2	6	1	26
1778	2	6	1	5
1779	2	6	1	106
1780	1	0	1	7
1781	2	6	1	37
1782	2	6	1	1
1783	2	6	1	11
1784	2	6	1	20
1785	2	6	1	1
1786	2	6	1	4
1787	2	6	1	21
1788	2	6	1	11
1789	2	6	1	31
1790	2	6	1	92
1791	2	6	1	29
1792	2	6	1	11
1793	2	6	1	1
1794	2	6	1	3
1795	2	6	1	33
1796	2	6	1	37
1797	2	6	1	25
1798	2	6	1	7
1799	2	6	1	2
1800	2	6	1	3
1801	2	6	1	40
1802	2	6	1	25
1803	2	6	1	35
1804	2	6	1	11
1805	2	6	1	2
1806	2	6	1	1
1807	2	6	1	7
1808	2	6	1	31
1809	2	6	1	6
1810	2	6	1	22
1811	2	6	1	20
1812	2	6	1	1
1813	2	6	1	12
1814	2	6	1	5
1815	2	6	1	26
1816	2	6	1	37
1817	2	6	1	1
1818	2	6	1	5
1819	2	6	1	2
1820	2	6	1	4
1821	2	6	1	15
1822	2	6	1	33
1823	2	6	1	30
1824	2	6	1	2
1825	2	6	1	16
1826	2	6	1	11
1827	2	6	1	28
1828	2	6	1	1
1829	2	6	1	42
1830	2	6	1	5
1831	2	6	1	41
1832	1	0	1	2
1833	2	6	1	29
1834	2	6	1	25
1835	2	6	1	5
1836	2	6	1	53
1837	2	6	1	29
1838	2	6	1	3
1839	2	6	1	24
1840	2	6	1	71
1841	2	6	1	1
1842	2	6	1	1
1843	2	6	1	1
1844	2	6	1	32
1845	2	6	1	22
1846	2	6	1	1
1847	2	6	1	47
1848	2	6	1	3
1849	2	6	1	1
1850	2	6	1	69
1851	2	6	1	46
1852	2	6	1	39
1853	2	6	1	17
1854	2	6	1	7
1855	1	0	1	6
1856	2	6	1	2
1857	2	6	1	1
1858	2	6	1	58
1859	2	6	1	34
1860	2	6	1	25
1861	2	6	1	20
1862	2	6	1	1
1863	2	6	1	1
1864	2	6	1	2
1865	2	6	1	1
1866	2	6	1	1
1867	2	6	1	1
1868	2	6	1	1
1869	2	6	1	2
1870	2	6	1	31
1871	2	6	1	2
1872	2	6	1	1
1873	2	6	1	2
1874	2	6	1	6
1875	2	6	1	5
1876	2	6	1	8
1877	2	6	1	1
1878	2	6	1	1
1879	2	6	1	2
1880	2	6	1	2
1881	2	6	1	1
1882	2	6	1	1
1883	2	6	1	1
1884	2	6	1	4
1885	2	6	1	2
1886	2	6	1	1
1887	2	6	1	2
1888	2	6	1	1
1889	2	6	1	3
1890	2	6	1	1
1891	2	6	1	21
1892	2	6	1	1
1893	2	6	1	3
1894	2	6	1	11
1895	2	6	1	2
1896	2	6	1	3
1897	2	6	1	1
1898	2	6	1	2
1899	2	6	1	4
1900	2	6	1	3
1901	2	6	1	1
1902	2	6	1	4
1903	2	6	1	1
1904	2	6	1	1
1905	2	6	1	2
1906	2	6	1	2
1907	2	6	1	8
1908	2	6	1	2
1909	2	6	1	7
1910	2	6	1	5
1911	2	6	1	6
1912	2	6	1	3
1913	2	6	1	1
1914	2	6	1	5
1915	2	6	1	1
1916	2	6	1	7
1917	2	6	1	5
1918	2	6	1	4
1919	2	6	1	6
1920	2	6	1	2
1921	2	6	1	1
1922	2	6	1	5
1923	2	6	1	1
1924	2	6	1	1
1925	2	6	1	1
1926	2	6	1	1
1927	2	6	1	1
1928	2	6	1	11
1929	2	6	1	3
1930	2	6	1	1
1931	2	6	1	1
1932	2	6	1	1
1933	2	6	1	14
1934	2	6	1	6
1935	2	6	1	3
1936	2	6	1	2
1937	2	6	1	1
1938	2	6	1	1
1939	2	6	1	1
1940	2	6	1	4
1941	2	6	1	3
1942	2	6	1	1
1943	2	6	1	5
1944	2	6	1	4
1945	2	6	1	2
1946	2	6	1	4
1947	2	6	1	11
1948	2	6	1	7
1949	2	6	1	1
1950	2	6	1	1
1951	2	6	1	5
1952	2	6	1	2
1953	2	6	1	2
1954	2	6	1	4
1955	2	6	1	7
1956	2	6	1	1
1957	2	6	1	2
1958	2	6	1	1
1959	2	6	1	2
1960	2	6	1	2
1961	2	6	1	2
1962	2	6	1	1
1963	2	6	1	4
1964	2	6	1	3
1965	2	6	1	1
1966	2	6	1	5
1967	2	6	1	1
1968	2	6	1	1
1969	2	6	1	2
1970	2	6	1	2
1971	2	6	1	4
1972	2	6	1	1
1973	2	6	1	5
1974	2	6	1	3
1975	2	6	1	2
1976	2	6	1	2
1977	2	6	1	3
1978	2	6	1	1
1979	2	6	1	1
1980	2	6	1	2
1981	2	6	1	1
1982	2	6	1	2
1983	2	6	1	1
1984	2	6	1	2
1985	2	6	1	3
1986	2	6	1	6
1987	2	6	1	3
1988	2	6	1	3
1989	2	6	1	2
1990	2	6	1	7
1991	2	6	1	5
1992	2	6	1	1
1993	2	6	1	3
1994	2	6	1	2
1995	2	6	1	1
1996	2	6	1	1
1997	2	6	1	2
1998	2	6	1	2
1999	2	6	1	1
2000	2	6	1	1
2001	2	6	1	1
2002	2	6	1	4
2003	2	6	1	1
2004	2	6	1	2
2005	2	6	1	3
2006	2	6	1	1
2007	2	6	1	1
2008	2	6	1	1
2009	2	6	1	3
2010	2	6	1	4
2011	2	6	1	3
2012	2	6	1	3
2013	2	6	1	5
2014	2	6	1	1
2015	2	6	1	2
2016	2	6	1	2
2017	2	6	1	12
2018	2	6	1	2
2019	2	6	1	2
2020	2	6	1	2
2021	2	6	1	1
2022	2	6	1	3
2023	2	6	1	1
2024	2	6	1	3
2025	2	6	1	2
2026	2	6	1	2
2027	2	6	1	1
2028	2	6	1	1
2029	2	6	1	2
2030	2	6	1	1
2031	2	6	1	3
2032	2	6	1	1
2033	2	6	1	2
2034	2	6	1	2
2035	2	6	1	1
2036	2	6	1	1
2037	2	6	1	1
2038	2	6	1	2
2039	2	6	1	2
2040	2	6	1	2
2041	2	6	1	4
2042	2	6	1	6
2043	2	6	1	1
2044	2	6	1	1
2045	2	6	1	2
2046	2	6	1	3
2047	2	6	1	4
2048	2	6	1	1
2049	2	6	1	4
2050	2	6	1	5
2051	2	6	1	1
2052	2	6	1	1
2053	2	6	1	2
2054	2	6	1	1
2055	2	6	1	1
2056	2	6	1	2
2057	2	6	1	1
2058	2	6	1	1
2059	2	6	1	4
2060	2	6	1	3
2061	2	6	1	1
2062	2	6	1	1
2063	2	6	1	1
2064	2	6	1	1
2065	2	6	1	1
2066	2	6	1	1
2067	2	6	1	1
2068	2	6	1	1
2069	2	6	1	3
2070	2	6	1	1
2071	2	6	1	3
2072	2	6	1	2
2073	2	6	1	1
2074	2	6	1	1
2075	2	6	1	1
2076	2	6	1	1
2077	2	6	1	1
2078	2	6	1	3
2079	2	6	1	1
2080	2	6	1	1
2081	2	6	1	3
2082	2	6	1	1
2083	2	6	1	7
2084	2	6	1	1
2085	2	6	1	7
2086	2	6	1	2
2087	2	6	1	3
2088	2	6	1	2
2089	2	6	1	2
2090	2	6	1	1
2091	2	6	1	1
2092	2	6	1	1
2093	2	6	1	2
2094	2	6	1	1
2095	2	6	1	3
2096	2	6	1	2
2097	2	6	1	8
2098	2	6	1	3
2099	2	6	1	3
2100	2	6	1	1
2101	2	6	1	2
2102	2	6	1	2
2103	2	6	1	7
2104	2	6	1	4
2105	2	6	1	3
2106	2	6	1	1
2107	2	6	1	1
2108	2	6	1	1
2109	2	6	1	1
2110	2	6	1	1
2111	2	6	1	3
2112	2	6	1	2
2113	2	6	1	2
2114	2	6	1	4
2115	2	6	1	1
2116	2	6	1	2
2117	2	6	1	1
2118	2	6	1	3
2119	2	6	1	1
2120	2	6	1	6
2121	2	6	1	2
2122	2	6	1	5
2123	2	6	1	6
2124	2	6	1	3
2125	2	6	1	1
2126	2	6	1	1
2127	2	6	1	4
2128	2	6	1	1
2129	2	6	1	1
2130	2	6	1	3
2131	2	6	1	2
2132	2	6	1	1
2133	2	6	1	1
2134	2	6	1	1
2135	2	6	1	3
2136	2	6	1	2
2137	2	6	1	1
2138	2	6	1	1
2139	2	6	1	2
2140	2	6	1	2
2141	2	6	1	6
2142	2	6	1	1
2143	2	6	1	2
2144	2	6	1	5
2145	2	6	1	2
2146	2	6	1	1
2147	2	6	1	2
2148	2	6	1	3
2149	2	6	1	4
2150	2	6	1	1
2151	2	6	1	1
2152	2	6	1	1
2153	2	6	1	1
2154	2	6	1	3
2155	2	6	1	1
2156	2	6	1	1
2157	2	6	1	1
2158	2	6	1	3
2159	2	6	1	2
2160	2	6	1	13
2161	2	6	1	5
2162	2	6	1	2
2163	2	6	1	2
2164	2	6	1	2
2165	2	6	1	1
2166	2	6	1	1
2167	2	6	1	1
2168	2	6	1	3
2169	2	6	1	2
2170	2	6	1	2
2171	2	6	1	1
2172	2	6	1	1
2173	2	6	1	1
2174	2	6	1	1
2175	2	6	1	1
2176	2	6	1	1
2177	2	6	1	2
2178	2	6	1	3
2179	2	6	1	1
2180	2	6	1	1
2181	2	6	1	3
2182	2	6	1	1
2183	2	6	1	1
2184	2	6	1	3
2185	2	6	1	2
2186	2	6	1	7
2187	2	6	1	1
2188	2	6	1	2
2189	2	6	1	1
2190	2	6	1	1
2191	2	6	1	1
2192	2	6	1	2
2193	2	6	1	7
2194	2	6	1	2
2195	2	6	1	2
2196	2	6	1	4
2197	2	6	1	1
2198	2	6	1	1
2199	2	6	1	1
2200	2	6	1	2
2201	2	6	1	2
2202	2	6	1	7
2203	2	6	1	1
2204	2	6	1	2
2205	2	6	1	2
2206	2	6	1	1
2207	2	6	1	1
2208	2	6	1	3
2209	2	6	1	1
2210	2	6	1	2
2211	2	6	1	1
2212	2	6	1	1
2213	2	6	1	3
2214	2	6	1	1
2215	2	6	1	1
2216	2	6	1	1
2217	2	6	1	4
2218	2	6	1	2
2219	2	6	1	1
2220	2	6	1	2
2221	2	6	1	1
2222	2	6	1	3
2223	2	6	1	1
2224	2	6	1	2
2225	2	6	1	1
2226	2	6	1	1
2227	2	6	1	2
2228	2	6	1	2
2229	2	6	1	1
2230	2	6	1	5
2231	2	6	1	1
2232	2	6	1	1
2233	2	6	1	1
2234	2	6	1	2
2235	2	6	1	1
2236	2	6	1	2
2237	2	6	1	1
2238	2	6	1	1
2239	2	6	1	3
2240	2	6	1	1
2241	2	6	1	2
2242	2	6	1	2
2243	2	6	1	1
2244	2	6	1	2
2245	2	6	1	2
2246	2	6	1	1
2247	2	6	1	2
2248	2	6	1	1
2249	2	6	1	1
2250	2	6	1	3
2251	2	6	1	3
2252	2	6	1	1
2253	2	6	1	1
2254	2	6	1	2
2255	2	6	1	3
2256	2	6	1	1
2257	2	6	1	4
2258	2	6	1	1
2259	2	6	1	3
2260	2	6	1	1
2261	2	6	1	1
2262	2	6	1	2
2263	2	6	1	2
2264	2	6	1	1
2265	2	6	1	1
2266	2	6	1	1
2267	2	6	1	1
2268	2	6	1	2
2269	2	6	1	2
2270	2	6	1	1
2271	2	6	1	1
2272	2	6	1	1
2273	2	6	1	1
2274	2	6	1	2
2275	2	6	1	2
2276	2	6	1	2
2277	2	6	1	2
2278	2	6	1	5
2279	2	6	1	1
2280	2	6	1	1
2281	2	6	1	3
2282	2	6	1	1
2283	2	6	1	1
2284	2	6	1	1
2285	2	6	1	1
2286	2	6	1	1
2287	2	6	1	1
2288	2	6	1	1
2289	2	6	1	1
2290	2	6	1	2
2291	2	6	1	1
2292	2	6	1	1
2293	2	6	1	1
2294	2	6	1	1
2295	2	6	1	1
2296	2	6	1	2
2297	2	6	1	1
2298	2	6	1	1
2299	2	6	1	2
2300	2	6	1	5
2301	2	6	1	3
2302	2	6	1	3
2303	2	6	1	1
2304	2	6	1	1
2305	2	6	1	1
2306	2	6	1	1
2307	2	6	1	3
2308	2	6	1	1
2309	2	6	1	1
2310	2	6	1	2
2311	2	6	1	1
2312	2	6	1	1
2313	2	6	1	1
2314	2	6	1	2
2315	2	6	1	1
2316	2	6	1	1
2317	2	6	1	1
2318	2	6	1	1
2319	2	6	1	1
2320	2	6	1	4
2321	2	6	1	1
2322	2	6	1	1
2323	2	6	1	1
2324	2	6	1	1
2325	2	6	1	3
2326	2	6	1	1
2327	2	6	1	2
2328	2	6	1	5
2329	2	6	1	1
2330	2	6	1	1
2331	2	6	1	1
2332	2	6	1	2
2333	2	6	1	1
2334	2	6	1	2
2335	2	6	1	2
2336	2	6	1	1
2337	2	6	1	1
2338	2	6	1	1
2339	2	6	1	1
2340	2	6	1	3
2341	2	6	1	1
2342	2	6	1	1
2343	2	6	1	2
2344	2	6	1	2
2345	2	6	1	3
2346	2	6	1	1
2347	2	6	1	1
2348	2	6	1	2
2349	2	6	1	1
2350	2	6	1	1
2351	2	6	1	2
2352	2	6	1	1
2353	2	6	1	4
2354	2	6	1	2
2355	2	6	1	1
2356	2	6	1	1
2357	2	6	1	1
2358	2	6	1	3
2359	2	6	1	3
2360	2	6	1	1
2361	2	6	1	1
2362	2	6	1	3
2363	2	6	1	1
2364	2	6	1	1
2365	2	6	1	1
2366	2	6	1	1
2367	2	6	1	1
2368	2	6	1	1
2369	2	6	1	1
2370	2	6	1	4
2371	2	6	1	3
2372	2	6	1	1
2373	2	6	1	2
2374	2	6	1	1
2375	2	6	1	1
2376	2	6	1	1
2377	2	6	1	1
2378	2	6	1	1
2379	2	6	1	3
2380	2	6	1	2
2381	2	6	1	2
2382	2	6	1	1
2383	2	6	1	2
2384	2	6	1	1
2385	2	6	1	1
2386	2	6	1	1
2387	2	6	1	1
2388	2	6	1	1
2389	2	6	1	1
2390	2	6	1	2
2391	2	6	1	1
2392	2	6	1	1
2393	2	6	1	2
2394	2	6	1	1
2395	2	6	1	2
2396	2	6	1	2
2397	2	6	1	2
2398	2	6	1	3
2399	2	6	1	1
2400	2	6	1	1
2401	2	6	1	1
2402	2	6	1	1
2403	2	6	1	1
2404	2	6	1	1
2405	2	6	1	1
2406	2	6	1	1
2407	2	6	1	1
2408	2	6	1	1
2409	2	6	1	2
2410	2	6	1	1
2411	2	6	1	1
2412	2	6	1	1
2413	2	6	1	1
2414	2	6	1	1
2415	2	6	1	2
2416	2	6	1	2
2417	2	6	1	1
2418	2	6	1	1
2419	2	6	1	1
2420	2	6	1	1
2421	2	6	1	1
2422	2	6	1	1
2423	2	6	1	1
2424	2	6	1	1
2425	2	6	1	1
2426	2	6	1	1
2427	2	6	1	1
2428	2	6	1	1
2429	2	6	1	1
2430	2	6	1	2
2431	2	6	1	2
2432	2	6	1	1
2433	2	6	1	1
2434	2	6	1	1
2435	2	6	1	2
2436	2	6	1	3
2437	2	6	1	1
2438	2	6	1	1
2439	2	6	1	1
2440	2	6	1	2
2441	2	6	1	2
2442	2	6	1	1
2443	2	6	1	1
2444	2	6	1	1
2445	2	6	1	1
2446	2	6	1	2
2447	2	6	1	1
2448	2	6	1	1
2449	2	6	1	1
2450	2	6	1	1
2451	2	6	1	1
2452	2	6	1	1
2453	2	6	1	1
2454	2	6	1	1
2455	2	6	1	1
2456	2	6	1	1
2457	2	6	1	2
2458	2	6	1	1
2459	2	6	1	1
2460	2	6	1	1
2461	2	6	1	48
2462	2	6	1	75
2463	2	6	1	3
2464	2	6	1	1
2465	2	6	1	1
2466	2	6	1	3
2467	2	6	1	3
2468	2	6	1	2
2469	2	6	1	4
2470	2	6	1	7
2471	2	6	1	3
2472	2	6	1	3
2473	2	6	1	5
2474	2	6	1	4
2475	2	6	1	4
2476	2	6	1	4
2477	2	6	1	4
2478	2	6	1	2
2479	2	6	1	1
2480	2	6	1	4
2481	2	6	1	2
2482	2	6	1	5
2483	2	6	1	3
2484	2	6	1	8
2485	2	6	1	5
2486	2	6	1	3
2487	2	6	1	8
2488	2	6	1	3
2489	2	6	1	144
2490	2	6	1	2
2491	2	6	1	88
2492	2	6	1	6
2493	2	6	1	3
2494	2	6	1	6
2495	2	6	1	59
2496	2	6	1	3
2497	2	6	1	7
2498	2	6	1	60
2499	2	6	1	7
2500	2	6	1	1
2501	2	6	1	85
2502	2	6	1	10
2503	2	6	1	4
2504	2	6	1	4
2505	2	6	1	2
2506	2	6	1	1
2507	2	6	1	3
2508	2	6	1	3
2509	2	6	1	89
2510	2	6	1	2
2511	2	6	1	3
2512	2	6	1	9
2513	2	6	1	4
2514	2	6	1	6
2515	2	6	1	4
2516	2	6	1	1
2517	1	0	1	257
2518	2	6	1	1
2519	2	6	1	1
2520	2	6	1	1
2521	2	6	1	1
2522	2	6	1	1
2523	2	6	1	67
2524	2	6	1	87
2525	2	6	1	97
2526	2	6	1	57
2527	2	6	1	72
2528	2	6	1	82
2529	2	6	1	87
2530	2	6	1	44
2531	2	6	1	44
2532	2	6	1	58
2533	2	6	1	24
2534	2	6	1	94
2535	2	6	1	1
2536	2	6	1	1
2537	2	6	1	1
2538	2	6	1	1
2539	2	6	1	1
2540	2	6	1	1
2541	2	6	1	1
2542	2	6	1	1
2543	2	6	1	1
2544	2	6	1	1
2545	2	6	1	1
2546	2	6	1	1
2547	2	6	1	1
2548	2	6	1	1
2549	2	6	1	1
2550	2	6	1	1
2551	2	6	1	1
2552	2	6	1	1
2553	2	6	1	1
2554	2	6	1	1
2555	2	6	1	1
2556	2	6	1	1
2557	2	6	1	3
2558	2	6	1	182
2559	2	6	1	1
2560	2	6	1	184
2561	2	6	1	174
2562	2	6	1	177
2563	2	6	1	188
2564	2	6	1	180
2565	2	6	1	1
2566	2	6	1	1
2567	2	6	1	1
2568	2	6	1	1
2569	2	6	1	1
2570	2	6	1	1
2571	2	6	1	1
2572	2	6	1	1
2573	2	6	1	1
2574	2	6	1	1
2575	2	6	1	1
2576	2	6	1	1
2577	2	6	1	1
2578	2	6	1	1
2579	2	6	1	1
2580	2	6	1	1
2581	2	6	1	1
2582	2	6	1	1
2583	2	6	1	1
2584	2	6	1	4
2585	2	6	1	1
2586	2	6	1	1
2587	2	6	1	1
2588	2	6	1	1
2589	2	6	1	1
2590	2	6	1	1
2591	2	6	1	1
2592	2	6	1	1
2593	2	6	1	1
2594	2	6	1	1
2595	2	6	1	1
2596	2	6	1	1
2597	2	6	1	1
2598	2	6	1	1
2599	2	6	1	1
2600	2	6	1	1
2601	2	6	1	1
2602	2	6	1	1
2603	2	6	1	1
2604	2	6	1	1
2605	2	6	1	1
2606	2	6	1	1
2607	2	6	1	1
2608	2	6	1	1
2609	2	6	1	1
2610	2	6	1	1
2611	2	6	1	1
2612	2	6	1	1
2613	2	6	1	1
2614	2	6	1	1
2615	2	6	1	1
2616	2	6	1	1
2617	2	6	1	1
2618	2	6	1	1
2619	2	6	1	1
2620	2	6	1	1
2621	2	6	1	1
2622	2	6	1	1
2623	2	6	1	1
2624	2	6	1	1
2625	2	6	1	1
2626	2	6	1	1
2627	2	6	1	1
2628	2	6	1	1
2629	2	6	1	1
2630	2	6	1	1
2631	2	6	1	1
2632	2	6	1	1
2633	2	6	1	1
2634	2	6	1	1
2635	2	6	1	1
2636	2	6	1	1
2637	2	6	1	1
2638	2	6	1	1
2639	2	6	1	1
2640	2	6	1	1
2641	2	6	1	1
2642	2	6	1	1
2643	2	6	1	1
2644	2	6	1	1
2645	2	6	1	1
2646	2	6	1	1
2647	2	6	1	1
2648	2	6	1	1
2649	2	6	1	1
2650	2	6	1	1
2651	2	6	1	1
2652	2	6	1	1
2653	2	6	1	1
2654	2	6	1	1
2655	2	6	1	1
2656	2	6	1	1
2657	2	6	1	1
2658	2	6	1	1
2659	2	6	1	1
2660	2	6	1	1
2661	2	6	1	1
2662	2	6	1	1
2663	2	6	1	1
2664	2	6	1	1
2665	2	6	1	1
2666	2	6	1	1
2667	2	6	1	1
2668	2	6	1	1
2669	2	6	1	1
2670	2	6	1	1
2671	2	6	1	1
2672	2	6	1	1
2673	2	6	1	1
2674	2	6	1	1
2675	2	6	1	1
2676	2	6	1	1
2677	2	6	1	1
2678	2	6	1	1
2679	2	6	1	1
2680	2	6	1	1
2681	2	6	1	1
2682	2	6	1	1
2683	2	6	1	1
2684	2	6	1	1
2685	2	6	1	1
2686	2	6	1	1
2687	2	6	1	1
2688	2	6	1	1
2689	2	6	1	1
2690	2	6	1	1
2691	2	6	1	1
2692	2	6	1	1
2693	2	6	1	1
2694	2	6	1	1
2695	2	6	1	1
2696	2	6	1	1
2697	2	6	1	1
2698	2	6	1	1
2699	2	6	1	1
2700	2	6	1	1
2701	2	6	1	1
2702	2	6	1	1
2703	2	6	1	1
2704	2	6	1	1
2705	2	6	1	1
2706	2	6	1	1
2707	2	6	1	1
2708	2	6	1	1
2709	2	6	1	1
2710	2	6	1	1
2711	2	6	1	1
2712	2	6	1	1
2713	2	6	1	1
2714	2	6	1	1
2715	2	6	1	1
2716	2	6	1	1
2717	2	6	1	1
2718	2	6	1	1
2719	2	6	1	1
2720	2	6	1	1
2721	2	6	1	1
2722	2	6	1	1
2723	2	6	1	1
2724	2	6	1	1
2725	2	6	1	1
2726	2	6	1	1
2727	2	6	1	1
2728	2	6	1	1
2729	2	6	1	1
2730	2	6	1	1
2731	2	6	1	1
2732	2	6	1	1
2733	2	6	1	1
2734	2	6	1	1
2735	2	6	1	1
2736	2	6	1	1
2737	2	6	1	1
2738	2	6	1	1
2739	2	6	1	1
2740	2	6	1	1
2741	2	6	1	1
2742	2	6	1	1
2743	2	6	1	1
2744	2	6	1	1
2745	2	6	1	1
2746	2	6	1	1
2747	2	6	1	1
2748	2	6	1	1
2749	2	6	1	1
2750	2	6	1	1
2751	2	6	1	1
2752	2	6	1	1
2753	2	6	1	1
2754	2	6	1	1
2755	2	6	1	1
2756	2	6	1	1
2757	2	6	1	1
2758	2	6	1	1
2759	2	6	1	1
2760	2	6	1	1
2761	2	6	1	1
2762	2	6	1	1
2763	2	6	1	1
2764	2	6	1	1
2765	2	6	1	1
2766	2	6	1	1
2767	2	6	1	1
2768	2	6	1	1
2769	2	6	1	1
2770	2	6	1	1
2771	2	6	1	1
2772	2	6	1	1
2773	2	6	1	1
2774	2	6	1	1
2775	2	6	1	1
2776	2	6	1	1
2777	2	6	1	1
2778	2	6	1	2
2779	2	6	1	1
2780	2	6	1	1
2781	2	6	1	1
2782	2	6	1	1
2783	2	6	1	1
2784	2	6	1	1
2785	2	6	1	1
2786	2	6	1	1
2787	2	6	1	1
2788	2	6	1	1
2789	2	6	1	1
2790	2	6	1	1
2791	2	6	1	1
2792	2	6	1	1
2793	2	6	1	1
2794	2	6	1	1
2795	2	6	1	1
2796	2	6	1	1
2797	2	6	1	1
2798	2	6	1	1
2799	2	6	1	1
2800	2	6	1	1
2801	2	6	1	1
2802	1	0	1	1
2803	2	6	1	1
2804	2	6	1	1
2805	2	6	1	1
2806	2	6	1	1
2807	2	6	1	1
2808	2	6	1	1
2809	2	6	1	1
2810	2	6	1	1
2811	1	0	1	5
2812	2	6	1	1
2813	2	6	1	1
2814	2	6	1	1
2815	2	6	1	1
2816	2	6	1	1
2817	2	6	1	1
2818	2	6	1	1
2819	2	6	1	1
2820	1	0	1	4
2821	2	6	1	1
2822	2	6	1	1
2823	2	6	1	1
2824	2	6	1	1
2825	2	6	1	1
2826	2	6	1	1
2827	2	6	1	1
2828	2	6	1	1
2829	2	6	1	1
2830	2	6	1	1
2831	2	6	1	1
2832	2	6	1	1
2833	2	6	1	1
2834	2	6	1	1
2835	2	6	1	1
2836	2	6	1	1
2837	2	6	1	1
2838	1	0	1	6
2839	2	6	1	1
2840	2	6	1	1
2841	2	6	1	1
2842	2	6	1	1
2843	1	0	1	5
2844	2	6	1	1
2845	2	6	1	1
2846	2	6	1	1
2847	2	6	1	1
2848	2	6	1	1
2849	2	6	1	1
2850	2	6	1	1
2851	2	6	1	1
2852	2	6	1	1
2853	2	6	1	1
2854	2	6	1	1
2855	2	6	1	1
2856	1	0	1	4
2857	2	6	1	1
2858	2	6	1	1
2859	2	6	1	1
2860	2	6	1	1
2861	2	6	1	1
2862	2	6	1	1
2863	2	6	1	1
2864	2	6	1	1
2865	2	6	1	1
2866	2	6	1	1
2867	2	6	1	1
2868	2	6	1	1
2869	2	6	1	1
2870	2	6	1	1
2871	2	6	1	1
2872	2	6	1	1
2873	2	6	1	1
2874	2	6	1	1
2875	2	6	1	1
2876	1	0	1	4
2877	2	6	1	1
2878	2	6	1	1
2879	1	0	1	5
2880	2	6	1	1
2881	2	6	1	1
2882	2	6	1	1
2883	2	6	1	1
2884	2	6	1	1
2885	2	6	1	1
2886	2	6	1	1
2887	2	6	1	1
2888	2	6	1	1
2889	2	6	1	1
2890	2	6	1	1
2891	2	6	1	1
2892	2	6	1	1
2893	2	6	1	1
2894	2	6	1	1
2895	2	6	1	1
2896	2	6	1	1
2897	2	6	1	1
2898	2	6	1	1
2899	2	6	1	1
2900	2	6	1	1
2901	2	6	1	1
2902	2	6	1	1
2903	2	6	1	1
2904	2	6	1	1
2905	2	6	1	1
2906	2	6	1	1
2907	2	6	1	1
2908	2	6	1	1
2909	1	0	1	4
2910	2	6	1	1
2911	2	6	1	1
2912	2	6	1	1
2913	2	6	1	1
2914	2	6	1	1
2915	2	6	1	1
2916	1	0	1	5
2917	2	6	1	1
2918	2	6	1	1
2919	2	6	1	1
2920	2	6	1	1
2921	2	6	1	1
2922	2	6	1	1
2923	2	6	1	1
2924	2	6	1	1
2925	2	6	1	1
2926	2	6	1	1
2927	2	6	1	1
2928	2	6	1	1
2929	2	6	1	1
2930	2	6	1	1
2931	2	6	1	1
2932	2	6	1	1
2933	2	6	1	1
2934	2	6	1	1
2935	2	6	1	1
2936	2	6	1	1
2937	2	6	1	1
2938	2	6	1	1
2939	2	6	1	1
2940	2	6	1	1
2941	2	6	1	1
2942	2	6	1	1
2943	2	6	1	1
2944	2	6	1	1
2945	2	6	1	1
2946	2	6	1	1
2947	2	6	1	1
2948	2	6	1	1
2949	2	6	1	1
2950	2	6	1	1
2951	2	6	1	1
2952	2	6	1	1
2953	2	6	1	1
2954	2	6	1	1
2955	2	6	1	1
2956	2	6	1	1
2957	2	6	1	1
2958	2	6	1	1
2959	2	6	1	1
2960	2	6	1	1
2961	2	6	1	1
2962	2	6	1	1
2963	2	6	1	1
2964	2	6	1	1
2965	2	6	1	1
2966	2	6	1	1
2967	2	6	1	1
2968	2	6	1	1
2969	2	6	1	1
2970	2	6	1	1
2971	1	0	1	2
2972	2	6	1	1
2973	2	6	1	1
2974	2	6	1	1
2975	2	6	1	1
2976	2	6	1	1
2977	2	6	1	1
2978	2	6	1	1
2979	2	6	1	1
2980	2	6	1	1
2981	2	6	1	1
2982	2	6	1	1
2983	2	6	1	1
2984	2	6	1	1
2985	2	6	1	1
2986	2	6	1	1
2987	2	6	1	1
2988	2	6	1	1
2989	2	6	1	1
2990	2	6	1	1
2991	2	6	1	1
2992	2	6	1	1
2993	2	6	1	1
2994	2	6	1	1
2995	2	6	1	1
2996	2	6	1	1
2997	2	6	1	1
2998	2	6	1	1
2999	2	6	1	1
3000	2	6	1	1
3001	2	6	1	1
3002	2	6	1	1
3003	2	6	1	1
3004	2	6	1	1
3005	2	6	1	1
3006	2	6	1	1
3007	2	6	1	1
3008	2	6	1	1
3009	2	6	1	1
3010	2	6	1	1
3011	2	6	1	1
3012	2	6	1	1
3013	2	6	1	1
3014	2	6	1	1
3015	2	6	1	1
3016	2	6	1	1
3017	2	6	1	1
3018	2	6	1	1
3019	2	6	1	1
3020	2	6	1	1
3021	2	6	1	1
3022	2	6	1	1
3023	2	6	1	1
3024	2	6	1	1
3025	2	6	1	1
3026	2	6	1	3
3027	2	6	1	1
3028	2	6	1	3
3029	2	6	1	2
3030	2	6	1	2
3031	2	6	1	2
3032	2	6	1	3
3033	2	6	1	1
3034	2	6	1	1
3035	2	6	1	1
3036	2	6	1	1
3037	2	6	1	1
3038	2	6	1	1
3039	2	6	1	1
3040	2	6	1	1
3041	2	6	1	1
3042	2	6	1	1
3043	2	6	1	1
3044	2	6	1	1
3045	2	6	1	1
3046	2	6	1	1
3047	2	6	1	1
3048	2	6	1	1
3049	2	6	1	1
3050	2	6	1	1
3051	2	6	1	1
3052	2	6	1	1
3053	2	6	1	1
3054	2	6	1	1
3055	2	6	1	1
3056	2	6	1	1
3057	2	6	1	1
3058	2	6	1	1
3059	2	6	1	1
3060	2	6	1	1
3061	2	6	1	1
3062	2	6	1	1
3063	2	6	1	1
3064	2	6	1	2
3065	2	6	1	1
3066	2	6	1	1
3067	2	6	1	1
3068	2	6	1	1
3069	1	0	1	1
3070	2	6	1	1
3071	2	6	1	1
3072	2	6	1	1
3073	2	6	1	1
3074	2	6	1	1
3075	2	6	1	1
3076	2	6	1	1
3077	2	6	1	1
3078	2	6	1	1
3079	2	6	1	1
3080	2	6	1	1
3081	2	6	1	1
3082	2	6	1	1
3083	2	6	1	1
