IpNode [ID LAYER FIELD TABLE_NUM CHILD_NUM]

0	0	0	1	95
1	1	4	1	2
2	2	6	1	69
3	1	4	1	3
4	2	6	1	57
5	1	4	1	2
6	2	6	1	64
7	1	4	1	3
8	2	6	1	93
9	1	4	1	3
10	2	6	1	34
11	2	6	1	26
12	1	4	1	2
13	2	6	1	62
14	1	4	1	3
15	2	6	1	71
16	2	6	1	63
17	1	4	1	2
18	2	6	1	54
19	1	4	1	3
20	2	6	1	17
21	1	4	1	3
22	2	6	1	96
23	1	4	1	2
24	2	6	1	107
25	1	4	1	3
26	2	6	1	58
27	1	4	1	2
28	2	6	1	36
29	1	4	1	2
30	2	6	1	13
31	1	4	1	2
32	2	6	1	64
33	1	4	1	3
34	2	6	1	39
35	2	6	1	80
36	1	4	1	2
37	2	6	1	31
38	1	4	1	2
39	2	6	1	34
40	1	4	1	2
41	2	6	1	40
42	1	4	1	3
43	2	6	1	74
44	2	6	1	41
45	1	4	1	2
46	2	6	1	56
47	1	4	1	3
48	2	6	1	45
49	1	4	1	2
50	2	6	1	66
51	1	4	1	2
52	2	6	1	68
53	1	4	1	3
54	2	6	1	60
55	2	6	1	53
56	1	4	1	3
57	2	6	1	86
58	2	6	1	28
59	1	4	1	3
60	2	6	1	108
61	1	4	1	2
62	2	6	1	58
63	1	4	1	2
64	2	6	1	55
65	1	4	1	3
66	2	6	1	109
67	1	4	1	3
68	2	6	1	30
69	2	6	1	41
70	1	4	1	2
71	2	6	1	64
72	1	4	1	3
73	2	6	1	62
74	1	4	1	2
75	2	6	1	66
76	1	4	1	3
77	2	6	1	50
78	1	4	1	3
79	2	6	1	77
80	2	6	1	37
81	1	4	1	3
82	2	6	1	100
83	1	4	1	2
84	2	6	1	113
85	1	4	1	3
86	2	6	1	50
87	1	4	1	3
88	2	6	1	72
89	1	4	1	3
90	2	6	1	87
91	1	4	1	2
92	2	6	1	96
93	1	4	1	3
94	2	6	1	89
95	2	6	1	30
96	1	4	1	2
97	2	6	1	53
98	2	6	1	10
99	2	6	1	39
100	1	4	1	2
101	2	6	1	13
102	1	4	1	3
103	2	6	1	20
104	1	4	1	2
105	2	6	1	33
106	1	4	1	3
107	2	6	1	9
108	2	6	1	32
109	2	6	1	23
110	2	6	1	16
111	2	6	1	4
112	2	6	1	10
113	1	4	1	2
114	2	6	1	62
115	1	4	1	3
116	2	6	1	74
117	1	4	1	2
118	2	6	1	57
119	2	6	1	46
120	2	6	1	19
121	2	6	1	13
122	2	6	1	21
123	2	6	1	12
124	2	6	1	24
125	2	6	1	7
126	2	6	1	12
127	2	6	1	9
128	2	6	1	1
129	1	4	1	129
130	2	6	1	180
131	2	6	1	149
132	2	6	1	154
133	2	6	1	149
134	2	6	1	147
135	2	6	1	156
136	2	6	1	154
137	2	6	1	146
138	2	6	1	156
139	2	6	1	145
140	2	6	1	149
141	2	6	1	156
142	2	6	1	152
143	2	6	1	152
144	2	6	1	205
145	2	6	1	149
146	2	6	1	143
147	2	6	1	153
148	2	6	1	150
149	2	6	1	132
150	2	6	1	144
151	2	6	1	150
152	2	6	1	147
153	2	6	1	146
154	2	6	1	156
155	2	6	1	140
156	2	6	1	149
157	2	6	1	152
158	2	6	1	1
159	2	6	1	1
160	2	6	1	1
161	2	6	1	1
162	2	6	1	1
163	2	6	1	1
164	2	6	1	1
165	2	6	1	1
166	2	6	1	1
167	2	6	1	1
168	2	6	1	1
169	2	6	1	1
170	2	6	1	1
171	2	6	1	1
172	2	6	1	1
173	2	6	1	1
174	2	6	1	1
175	2	6	1	1
176	2	6	1	1
177	2	6	1	1
178	2	6	1	1
179	2	6	1	1
180	2	6	1	1
181	2	6	1	1
182	2	6	1	1
183	2	6	1	1
184	2	6	1	1
185	2	6	1	1
186	2	6	1	1
187	2	6	1	1
188	2	6	1	1
189	2	6	1	1
190	2	6	1	1
191	2	6	1	1
192	2	6	1	1
193	2	6	1	1
194	2	6	1	1
195	2	6	1	228
196	2	6	1	230
197	2	6	1	232
198	2	6	1	228
199	2	6	1	224
200	2	6	1	232
201	2	6	1	230
202	2	6	1	224
203	2	6	1	229
204	2	6	1	221
205	2	6	1	236
206	2	6	1	231
207	2	6	1	220
208	2	6	1	231
209	2	6	1	223
210	2	6	1	218
211	2	6	1	225
212	2	6	1	218
213	2	6	1	227
214	2	6	1	217
215	2	6	1	223
216	2	6	1	222
217	2	6	1	220
218	2	6	1	222
219	2	6	1	222
220	2	6	1	231
221	2	6	1	231
222	2	6	1	227
223	2	6	1	227
224	2	6	1	218
225	2	6	1	233
226	2	6	1	223
227	2	6	1	227
228	2	6	1	224
229	2	6	1	234
230	2	6	1	226
231	2	6	1	227
232	2	6	1	222
233	2	6	1	225
234	2	6	1	227
235	2	6	1	229
236	2	6	1	232
237	2	6	1	225
238	2	6	1	223
239	2	6	1	223
240	2	6	1	225
241	2	6	1	226
242	2	6	1	226
243	2	6	1	1
244	2	6	1	1
245	2	6	1	1
246	2	6	1	1
247	2	6	1	1
248	2	6	1	1
249	2	6	1	1
250	2	6	1	1
251	2	6	1	1
252	2	6	1	1
253	2	6	1	1
254	2	6	1	1
255	2	6	1	1
256	2	6	1	1
257	2	6	1	222
258	2	6	1	224
259	2	6	1	217
260	2	6	1	227
261	2	6	1	217
262	2	6	1	224
263	2	6	1	222
264	2	6	1	218
265	2	6	1	229
266	2	6	1	230
267	2	6	1	219
268	2	6	1	231
269	2	6	1	227
270	2	6	1	228
271	2	6	1	224
272	2	6	1	218
273	2	6	1	228
274	2	6	1	221
275	2	6	1	222
276	2	6	1	221
277	2	6	1	226
278	2	6	1	231
279	2	6	1	225
280	2	6	1	220
281	2	6	1	220
282	2	6	1	223
283	2	6	1	233
284	2	6	1	223
285	2	6	1	219
286	2	6	1	218
287	2	6	1	225
288	2	6	1	219
289	2	6	1	221
290	2	6	1	223
291	2	6	1	213
292	2	6	1	220
293	2	6	1	226
294	2	6	1	221
295	2	6	1	229
296	2	6	1	222
297	2	6	1	224
298	2	6	1	229
299	2	6	1	229
300	2	6	1	224
301	2	6	1	219
302	2	6	1	220
303	2	6	1	225
304	2	6	1	228
305	2	6	1	218
306	2	6	1	227
307	2	6	1	223
308	2	6	1	224
309	1	4	1	1
310	2	6	1	1
311	1	4	1	1
312	2	6	1	1
313	1	4	1	1
314	2	6	1	1
315	1	4	1	1
316	2	6	1	1
317	1	4	1	1
318	2	6	1	1
319	1	4	1	1
320	2	6	1	1
321	1	4	1	1
322	2	6	1	1
323	1	4	1	1
324	2	6	1	1
325	1	4	1	1
326	2	6	1	1
327	1	4	1	1
328	2	6	1	1
329	1	4	1	1
330	2	6	1	1
331	1	4	1	1
332	2	6	1	1
333	1	4	1	1
334	2	6	1	1
335	1	4	1	1
336	2	6	1	1
337	1	4	1	1
338	2	6	1	1
339	1	4	1	1
340	2	6	1	1
341	1	4	1	1
342	2	6	1	1
343	1	4	1	1
344	2	6	1	1
345	1	4	1	1
346	2	6	1	1
347	1	4	1	1
348	2	6	1	1
349	1	4	1	1
350	2	6	1	1
351	1	4	1	1
352	2	6	1	1
353	1	4	1	1
354	2	6	1	1
355	1	4	1	1
356	2	6	1	1
357	1	4	1	1
358	2	6	1	1
359	1	4	1	1
360	2	6	1	1
361	1	4	1	1
362	2	6	1	1
363	2	6	1	1
364	1	4	1	1
365	2	6	1	1
366	1	4	1	1
367	2	6	1	1
368	1	4	1	1
369	2	6	1	1
370	1	4	1	1
371	2	6	1	1
372	1	4	1	1
373	2	6	1	1
374	1	4	1	1
375	2	6	1	1
376	1	4	1	1
377	2	6	1	1
378	1	4	1	1
379	2	6	1	1
380	1	4	1	1
381	2	6	1	1
382	1	4	1	1
383	2	6	1	1
384	1	4	1	1
385	2	6	1	1
386	1	4	1	1
387	2	6	1	1
388	1	4	1	1
389	2	6	1	1
390	1	4	1	1
391	2	6	1	1
392	1	4	1	1
393	2	6	1	1
394	1	4	1	1
395	2	6	1	1
