priority: 521
prefix_length: 31 31 0 0 0 
range: [1431935086, 1431935087] [2775721248, 2775721249] [0, 65535] [20000, 20010] [6, 6] 

priority: 523
prefix_length: 31 31 0 0 0 
range: [1431935054, 1431935055] [2744843522, 2744843523] [0, 65535] [61200, 61209] [6, 6] 

priority: 524
prefix_length: 31 31 0 0 0 
range: [1431935068, 1431935069] [2737794978, 2737794979] [0, 65535] [61600, 61609] [6, 6] 

priority: 535
prefix_length: 31 31 0 0 0 
range: [3266998760, 3266998761] [803789032, 803789033] [0, 65535] [1300, 1349] [6, 6] 

priority: 538
prefix_length: 31 31 0 0 0 
range: [1431935086, 1431935087] [803789032, 803789033] [0, 65535] [1300, 1350] [6, 6] 

priority: 548
prefix_length: 31 31 0 0 0 
range: [1431935086, 1431935087] [3266999372, 3266999373] [0, 65535] [1300, 1349] [6, 6] 

priority: 549
prefix_length: 31 31 0 0 0 
range: [1431935086, 1431935087] [3266999372, 3266999373] [0, 65535] [1300, 1350] [6, 6] 

priority: 563
prefix_length: 31 31 0 0 0 
range: [1431935054, 1431935055] [803789032, 803789033] [0, 65535] [8000, 8100] [6, 6] 

priority: 582
prefix_length: 31 30 0 0 0 
range: [3266998732, 3266998733] [803789036, 803789039] [0, 65535] [7500, 7599] [6, 6] 

priority: 669
prefix_length: 23 31 0 0 0 
range: [1431935488, 1431935999] [2775243646, 2775243647] [0, 65535] [62000, 62009] [6, 6] 

priority: 718
prefix_length: 31 31 0 0 0 
range: [3266998696, 3266998697] [3266999372, 3266999373] [0, 65535] [1025, 65535] [17, 17] 

priority: 727
prefix_length: 31 31 0 0 0 
range: [3266998760, 3266998761] [1432120546, 1432120547] [0, 65535] [0, 65535] [6, 6] 

priority: 735
prefix_length: 31 30 0 0 0 
range: [3266998744, 3266998745] [803789036, 803789039] [0, 65535] [5001, 65535] [6, 6] 

priority: 739
prefix_length: 31 31 0 0 0 
range: [3266998760, 3266998761] [184919024, 184919025] [0, 65535] [0, 65535] [6, 6] 

priority: 740
prefix_length: 31 31 0 0 0 
range: [1431935006, 1431935007] [3770895350, 3770895351] [0, 65535] [0, 65535] [6, 6] 

priority: 741
prefix_length: 31 31 0 0 0 
range: [1431935054, 1431935055] [2737794978, 2737794979] [0, 65535] [0, 65535] [6, 6] 

priority: 743
prefix_length: 29 31 0 0 0 
range: [3266998736, 3266998743] [803789032, 803789033] [0, 65535] [0, 65535] [6, 6] 

priority: 744
prefix_length: 30 31 0 0 0 
range: [1431935048, 1431935051] [2737794978, 2737794979] [0, 65535] [0, 65535] [6, 6] 

priority: 745
prefix_length: 29 31 0 0 0 
range: [1431935056, 1431935063] [2737794978, 2737794979] [0, 65535] [0, 65535] [6, 6] 

priority: 748
prefix_length: 31 26 0 0 0 
range: [3266998744, 3266998745] [2737795008, 2737795071] [0, 65535] [0, 65535] [6, 6] 

priority: 777
prefix_length: 31 24 0 0 0 
range: [3266998760, 3266998761] [803789056, 803789311] [0, 65535] [0, 65535] [6, 6] 

priority: 778
prefix_length: 25 31 0 0 0 
range: [3266998528, 3266998655] [2737794978, 2737794979] [0, 65535] [0, 65535] [6, 6] 

priority: 779
prefix_length: 24 31 0 0 0 
range: [3266998272, 3266998527] [2737794978, 2737794979] [0, 65535] [0, 65535] [6, 6] 

priority: 780
prefix_length: 24 31 0 0 0 
range: [1431935232, 1431935487] [803789032, 803789033] [0, 65535] [0, 65535] [6, 6] 

priority: 781
prefix_length: 24 31 0 0 0 
range: [1431935232, 1431935487] [2748571462, 2748571463] [0, 65535] [0, 65535] [6, 6] 

priority: 783
prefix_length: 31 25 0 0 0 
range: [1431935068, 1431935069] [2737794816, 2737794943] [0, 65535] [0, 65535] [6, 6] 

priority: 784
prefix_length: 24 31 0 0 0 
range: [3266998272, 3266998527] [1534511852, 1534511853] [0, 65535] [0, 65535] [6, 6] 

priority: 785
prefix_length: 24 31 0 0 0 
range: [3266998272, 3266998527] [1458994818, 1458994819] [0, 65535] [0, 65535] [6, 6] 

priority: 786
prefix_length: 24 31 0 0 0 
range: [3266998272, 3266998527] [803789032, 803789033] [0, 65535] [0, 65535] [1, 1] 

priority: 787
prefix_length: 24 31 0 0 0 
range: [1431935232, 1431935487] [2737794978, 2737794979] [0, 65535] [0, 65535] [6, 6] 

priority: 788
prefix_length: 31 24 0 0 0 
range: [3266998670, 3266998671] [2737794560, 2737794815] [0, 65535] [0, 65535] [6, 6] 

priority: 803
prefix_length: 31 23 0 0 0 
range: [3266998760, 3266998761] [185357824, 185358335] [0, 65535] [0, 65535] [6, 6] 

priority: 807
prefix_length: 23 31 0 0 0 
range: [1431935488, 1431935999] [2737794978, 2737794979] [0, 65535] [0, 65535] [6, 6] 

priority: 820
prefix_length: 31 23 0 0 0 
range: [3266998760, 3266998761] [803789312, 803789823] [0, 65535] [0, 65535] [6, 6] 

priority: 821
prefix_length: 31 23 0 0 0 
range: [1431935086, 1431935087] [3266999808, 3267000319] [0, 65535] [0, 65535] [6, 6] 

priority: 822
prefix_length: 31 23 0 0 0 
range: [1431935054, 1431935055] [803789312, 803789823] [0, 65535] [0, 65535] [6, 6] 

priority: 823
prefix_length: 31 23 0 0 0 
range: [1431935054, 1431935055] [2744110592, 2744111103] [0, 65535] [0, 65535] [6, 6] 

priority: 824
prefix_length: 31 23 0 0 0 
range: [1431935068, 1431935069] [2737794048, 2737794559] [0, 65535] [0, 65535] [6, 6] 

priority: 825
prefix_length: 30 23 0 0 0 
range: [3266998728, 3266998731] [803789312, 803789823] [0, 65535] [0, 65535] [6, 6] 

priority: 827
prefix_length: 23 31 0 0 0 
range: [1431935488, 1431935999] [803789032, 803789033] [0, 65535] [0, 65535] [6, 6] 

priority: 828
prefix_length: 23 31 0 0 0 
range: [1431935488, 1431935999] [2400612374, 2400612375] [0, 65535] [0, 65535] [6, 6] 

priority: 830
prefix_length: 31 22 0 0 0 
range: [3266998760, 3266998761] [3448756224, 3448757247] [0, 65535] [0, 65535] [6, 6] 

priority: 831
prefix_length: 31 22 0 0 0 
range: [1431935006, 1431935007] [3448756224, 3448757247] [0, 65535] [0, 65535] [6, 6] 

priority: 834
prefix_length: 30 23 0 0 0 
range: [3266998720, 3266998723] [803789312, 803789823] [0, 65535] [0, 65535] [6, 6] 

priority: 835
prefix_length: 30 23 0 0 0 
range: [1431935064, 1431935067] [803789312, 803789823] [0, 65535] [0, 65535] [6, 6] 

priority: 838
prefix_length: 30 22 0 0 0 
range: [1431935080, 1431935083] [2400613376, 2400614399] [0, 65535] [0, 65535] [1, 1] 

priority: 839
prefix_length: 30 21 0 0 0 
range: [1431935048, 1431935051] [803786752, 803788799] [0, 65535] [0, 65535] [6, 6] 

priority: 840
prefix_length: 24 27 0 0 0 
range: [1431935232, 1431935487] [2737794944, 2737794975] [0, 65535] [0, 65535] [1, 1] 

priority: 843
prefix_length: 24 25 0 0 0 
range: [3266998272, 3266998527] [803788800, 803788927] [0, 65535] [0, 65535] [6, 6] 

priority: 844
prefix_length: 29 21 0 0 0 
range: [1431935072, 1431935079] [1431934976, 1431937023] [0, 65535] [0, 65535] [1, 1] 

priority: 845
prefix_length: 24 25 0 0 0 
range: [3266998272, 3266998527] [2737794816, 2737794943] [0, 65535] [0, 65535] [6, 6] 

priority: 848
prefix_length: 22 27 0 0 0 
range: [1431934976, 1431935999] [2737794944, 2737794975] [0, 65535] [0, 65535] [6, 6] 

priority: 855
prefix_length: 31 25 0 0 0 
range: [1431935068, 1431935069] [2737794816, 2737794943] [0, 65535] [0, 65535] [0, 255] 

priority: 860
prefix_length: 31 24 0 0 0 
range: [1431935054, 1431935055] [803789056, 803789311] [0, 65535] [0, 65535] [0, 255] 

priority: 862
prefix_length: 24 31 0 0 0 
range: [1431935232, 1431935487] [2737794978, 2737794979] [0, 65535] [0, 65535] [0, 255] 

priority: 871
prefix_length: 31 23 0 0 0 
range: [3266998760, 3266998761] [3266999808, 3267000319] [0, 65535] [0, 65535] [0, 255] 

priority: 872
prefix_length: 31 23 0 0 0 
range: [1431935006, 1431935007] [3266999808, 3267000319] [0, 65535] [0, 65535] [0, 255] 

priority: 873
prefix_length: 31 23 0 0 0 
range: [1431935054, 1431935055] [2737794048, 2737794559] [0, 65535] [0, 65535] [0, 255] 

priority: 874
prefix_length: 30 24 0 0 0 
range: [1431935000, 1431935003] [3587939072, 3587939327] [0, 65535] [0, 65535] [0, 255] 

priority: 875
prefix_length: 31 22 0 0 0 
range: [3266998744, 3266998745] [803789824, 803790847] [0, 65535] [0, 65535] [0, 255] 

priority: 876
prefix_length: 31 22 0 0 0 
range: [1431935006, 1431935007] [803789824, 803790847] [0, 65535] [0, 65535] [0, 255] 

priority: 877
prefix_length: 30 23 0 0 0 
range: [1431935064, 1431935067] [1154328064, 1154328575] [0, 65535] [0, 65535] [0, 255] 

priority: 878
prefix_length: 30 22 0 0 0 
range: [1431935000, 1431935003] [4223520768, 4223521791] [0, 65535] [0, 65535] [0, 255] 

priority: 879
prefix_length: 28 22 0 0 0 
range: [1431934976, 1431934991] [1365398528, 1365399551] [0, 65535] [0, 65535] [0, 255] 

priority: 880
prefix_length: 24 17 0 0 0 
range: [1431935232, 1431935487] [1366884352, 1366917119] [0, 65535] [0, 65535] [1, 1] 

priority: 881
prefix_length: 24 16 0 0 0 
range: [1431935232, 1431935487] [803799040, 803864575] [0, 65535] [0, 65535] [6, 6] 

priority: 882
prefix_length: 24 25 0 0 0 
range: [1431935232, 1431935487] [2744110080, 2744110207] [0, 65535] [0, 65535] [0, 255] 

priority: 883
prefix_length: 24 16 0 0 0 
range: [3266998272, 3266998527] [803799040, 803864575] [0, 65535] [0, 65535] [6, 6] 

priority: 884
prefix_length: 24 16 0 0 0 
range: [1431935232, 1431935487] [1534001152, 1534066687] [0, 65535] [0, 65535] [6, 6] 

priority: 885
prefix_length: 24 16 0 0 0 
range: [1431935232, 1431935487] [2737700864, 2737766399] [0, 65535] [0, 65535] [6, 6] 

priority: 886
prefix_length: 23 17 0 0 0 
range: [1431935488, 1431935999] [2776268800, 2776301567] [0, 65535] [0, 65535] [6, 6] 

priority: 887
prefix_length: 23 17 0 0 0 
range: [1431935488, 1431935999] [803733504, 803766271] [0, 65535] [0, 65535] [6, 6] 

priority: 888
prefix_length: 23 17 0 0 0 
range: [1431935488, 1431935999] [2737799168, 2737831935] [0, 65535] [0, 65535] [6, 6] 

priority: 889
prefix_length: 23 16 0 0 0 
range: [1431935488, 1431935999] [803799040, 803864575] [0, 65535] [0, 65535] [6, 6] 

priority: 890
prefix_length: 23 16 0 0 0 
range: [3266998784, 3266999295] [185466880, 185532415] [0, 65535] [0, 65535] [6, 6] 

priority: 891
prefix_length: 23 16 0 0 0 
range: [3266998784, 3266999295] [803799040, 803864575] [0, 65535] [0, 65535] [6, 6] 

priority: 892
prefix_length: 23 16 0 0 0 
range: [1431935488, 1431935999] [2737700864, 2737766399] [0, 65535] [0, 65535] [1, 1] 

priority: 893
prefix_length: 23 16 0 0 0 
range: [1431935488, 1431935999] [2737700864, 2737766399] [0, 65535] [0, 65535] [6, 6] 

priority: 894
prefix_length: 23 15 0 0 0 
range: [1431935488, 1431935999] [3448635392, 3448766463] [0, 65535] [0, 65535] [6, 6] 

priority: 895
prefix_length: 23 15 0 0 0 
range: [1431935488, 1431935999] [803864576, 803995647] [0, 65535] [0, 65535] [6, 6] 

priority: 896
prefix_length: 23 15 0 0 0 
range: [1431935488, 1431935999] [2744254464, 2744385535] [0, 65535] [0, 65535] [6, 6] 

priority: 897
prefix_length: 22 16 0 0 0 
range: [1431934976, 1431935999] [3448635392, 3448700927] [0, 65535] [0, 65535] [6, 6] 

priority: 898
prefix_length: 22 16 0 0 0 
range: [1431934976, 1431935999] [1534001152, 1534066687] [0, 65535] [0, 65535] [6, 6] 

priority: 899
prefix_length: 22 9 0 0 0 
range: [3266999296, 3267000319] [3263168512, 3271557119] [0, 65535] [0, 65535] [6, 6] 

priority: 900
prefix_length: 23 17 0 0 0 
range: [1431935488, 1431935999] [1431928832, 1431961599] [0, 65535] [0, 65535] [0, 255] 

priority: 901
prefix_length: 23 17 0 0 0 
range: [1431935488, 1431935999] [2737799168, 2737831935] [0, 65535] [0, 65535] [0, 255] 

priority: 902
prefix_length: 23 16 0 0 0 
range: [3266998784, 3266999295] [1430257664, 1430323199] [0, 65535] [0, 65535] [0, 255] 

priority: 903
prefix_length: 23 16 0 0 0 
range: [3266998784, 3266999295] [803799040, 803864575] [0, 65535] [0, 65535] [0, 255] 

priority: 904
prefix_length: 23 16 0 0 0 
range: [1431935488, 1431935999] [3370254336, 3370319871] [0, 65535] [0, 65535] [0, 255] 

priority: 905
prefix_length: 23 16 0 0 0 
range: [1431935488, 1431935999] [3267035136, 3267100671] [0, 65535] [0, 65535] [0, 255] 

priority: 906
prefix_length: 23 16 0 0 0 
range: [1431935488, 1431935999] [1534001152, 1534066687] [0, 65535] [0, 65535] [0, 255] 

priority: 907
prefix_length: 23 8 0 0 0 
range: [3266998784, 3266999295] [771751936, 788529151] [0, 65535] [0, 65535] [6, 6] 

priority: 908
prefix_length: 23 8 0 0 0 
range: [1431935488, 1431935999] [771751936, 788529151] [0, 65535] [0, 65535] [6, 6] 

priority: 909
prefix_length: 24 14 0 0 0 
range: [3266998272, 3266998527] [803995648, 804257791] [0, 65535] [0, 65535] [0, 255] 

priority: 910
prefix_length: 24 14 0 0 0 
range: [1431935232, 1431935487] [803995648, 804257791] [0, 65535] [0, 65535] [0, 255] 

priority: 911
prefix_length: 22 16 0 0 0 
range: [1431934976, 1431935999] [3325820928, 3325886463] [0, 65535] [0, 65535] [0, 255] 

priority: 912
prefix_length: 22 16 0 0 0 
range: [1431934976, 1431935999] [2744909824, 2744975359] [0, 65535] [0, 65535] [0, 255] 

priority: 913
prefix_length: 23 7 0 0 0 
range: [1431935488, 1431935999] [2248146944, 2281701375] [0, 65535] [0, 65535] [6, 6] 

priority: 914
prefix_length: 23 7 0 0 0 
range: [1431935488, 1431935999] [2684354560, 2717908991] [0, 65535] [0, 65535] [6, 6] 

priority: 915
prefix_length: 24 6 0 0 0 
range: [1431935232, 1431935487] [671088640, 738197503] [0, 65535] [0, 65535] [1, 1] 

priority: 916
prefix_length: 23 6 0 0 0 
range: [1431935488, 1431935999] [3288334336, 3355443199] [0, 65535] [0, 65535] [6, 6] 

priority: 917
prefix_length: 23 6 0 0 0 
range: [1431935488, 1431935999] [671088640, 738197503] [0, 65535] [0, 65535] [6, 6] 

priority: 918
prefix_length: 23 14 0 0 0 
range: [1431935488, 1431935999] [3267100672, 3267362815] [0, 65535] [0, 65535] [0, 255] 

priority: 919
prefix_length: 24 4 0 0 0 
range: [3266998272, 3266998527] [805306368, 1073741823] [0, 65535] [0, 65535] [1, 1] 

priority: 920
prefix_length: 24 4 0 0 0 
range: [1431935232, 1431935487] [2952790016, 3221225471] [0, 65535] [0, 65535] [6, 6] 

priority: 921
prefix_length: 23 5 0 0 0 
range: [1431935488, 1431935999] [2818572288, 2952790015] [0, 65535] [0, 65535] [1, 1] 

priority: 922
prefix_length: 22 5 0 0 0 
range: [3266999296, 3267000319] [536870912, 671088639] [0, 65535] [0, 65535] [6, 6] 

priority: 923
prefix_length: 22 4 0 0 0 
range: [3266999296, 3267000319] [2952790016, 3221225471] [0, 65535] [0, 65535] [6, 6] 

priority: 924
prefix_length: 24 3 0 0 0 
range: [1431935232, 1431935487] [2147483648, 2684354559] [0, 65535] [0, 65535] [6, 6] 

priority: 925
prefix_length: 22 2 0 0 0 
range: [3266999296, 3267000319] [0, 1073741823] [0, 65535] [0, 65535] [6, 6] 

priority: 926
prefix_length: 23 1 0 0 0 
range: [1431935488, 1431935999] [0, 2147483647] [0, 65535] [0, 65535] [6, 6] 

priority: 927
prefix_length: 24 8 0 0 0 
range: [1431935232, 1431935487] [2717908992, 2734686207] [0, 65535] [0, 65535] [0, 255] 

priority: 928
prefix_length: 22 1 0 0 0 
range: [3266999296, 3267000319] [0, 2147483647] [0, 65535] [0, 65535] [6, 6] 

priority: 929
prefix_length: 22 1 0 0 0 
range: [1431934976, 1431935999] [2147483648, 4294967295] [0, 65535] [0, 65535] [6, 6] 

priority: 933
prefix_length: 23 5 0 0 0 
range: [3266998784, 3266999295] [536870912, 671088639] [0, 65535] [0, 65535] [0, 255] 

priority: 934
prefix_length: 23 3 0 0 0 
range: [1431935488, 1431935999] [2684354560, 3221225471] [0, 65535] [0, 65535] [0, 255] 

priority: 935
prefix_length: 24 1 0 0 0 
range: [3266998272, 3266998527] [0, 2147483647] [0, 65535] [0, 65535] [0, 255] 

