priority: 1
prefix_length: 32 32 1 0 0 
range: [3266998703, 3266998703] [1459058748, 1459058748] [0, 65535] [31000, 31000] [6, 6] 

priority: 2
prefix_length: 32 32 1 0 0 
range: [3266998762, 3266998762] [1432120545, 1432120545] [0, 65535] [5555, 5555] [6, 6] 

priority: 3
prefix_length: 32 32 1 0 0 
range: [3266998762, 3266998762] [184919033, 184919033] [0, 65535] [1521, 1521] [6, 6] 

priority: 4
prefix_length: 32 32 1 0 0 
range: [3266998762, 3266998762] [2737794976, 2737794976] [0, 65535] [1724, 1724] [6, 6] 

priority: 5
prefix_length: 32 32 1 0 0 
range: [3266998763, 3266998763] [185357710, 185357710] [0, 65535] [1704, 1704] [6, 6] 

priority: 6
prefix_length: 32 32 1 0 0 
range: [3266998763, 3266998763] [185357710, 185357710] [0, 65535] [1711, 1711] [6, 6] 

priority: 7
prefix_length: 32 32 1 0 0 
range: [3266998763, 3266998763] [185357710, 185357710] [0, 65535] [1221, 1221] [6, 6] 

priority: 8
prefix_length: 32 32 1 0 0 
range: [3266998763, 3266998763] [3266999374, 3266999374] [0, 65535] [1526, 1526] [6, 6] 

priority: 9
prefix_length: 32 32 1 0 0 
range: [3266998763, 3266998763] [2737794976, 2737794976] [0, 65535] [1433, 1433] [6, 6] 

priority: 10
prefix_length: 32 32 1 0 0 
range: [3266998746, 3266998746] [803789034, 803789034] [0, 65535] [1711, 1711] [6, 6] 

priority: 11
prefix_length: 32 32 1 0 0 
range: [3266998747, 3266998747] [2737794976, 2737794976] [0, 65535] [1708, 1708] [6, 6] 

priority: 12
prefix_length: 32 32 1 0 0 
range: [3266998725, 3266998725] [803789034, 803789034] [0, 65535] [1521, 1521] [6, 6] 

priority: 13
prefix_length: 32 32 1 0 0 
range: [3266998725, 3266998725] [803789034, 803789034] [0, 65535] [1708, 1708] [6, 6] 

priority: 14
prefix_length: 32 32 1 0 0 
range: [3266998725, 3266998725] [803789034, 803789034] [0, 65535] [6000, 6000] [6, 6] 

priority: 15
prefix_length: 32 32 1 0 0 
range: [3266998734, 3266998734] [3266999374, 3266999374] [0, 65535] [1521, 1521] [6, 6] 

priority: 16
prefix_length: 32 32 1 0 0 
range: [3266998734, 3266998734] [803789034, 803789034] [0, 65535] [1704, 1704] [6, 6] 

priority: 17
prefix_length: 32 32 1 0 0 
range: [1431935005, 1431935005] [803789034, 803789034] [0, 65535] [1525, 1525] [6, 6] 

priority: 18
prefix_length: 32 32 1 0 0 
range: [1431935005, 1431935005] [803789034, 803789034] [0, 65535] [1705, 1705] [6, 6] 

priority: 19
prefix_length: 32 32 1 0 0 
range: [1431935005, 1431935005] [4214668318, 4214668318] [0, 65535] [1711, 1711] [6, 6] 

priority: 20
prefix_length: 32 32 1 0 0 
range: [1431935005, 1431935005] [3373532332, 3373532332] [0, 65535] [1733, 1733] [6, 6] 

priority: 21
prefix_length: 32 32 1 0 0 
range: [1431935084, 1431935084] [3266999374, 3266999374] [0, 65535] [1717, 1717] [6, 6] 

priority: 22
prefix_length: 32 32 1 0 0 
range: [1431935084, 1431935084] [3266999374, 3266999374] [0, 65535] [1733, 1733] [6, 6] 

priority: 23
prefix_length: 32 32 1 0 0 
range: [1431935084, 1431935084] [2400631012, 2400631012] [0, 65535] [1433, 1433] [6, 6] 

priority: 24
prefix_length: 32 32 1 0 0 
range: [1431935084, 1431935084] [2400612373, 2400612373] [0, 65535] [5541, 5541] [6, 6] 

priority: 25
prefix_length: 32 32 1 0 0 
range: [1431935084, 1431935084] [2775104714, 2775104714] [0, 65535] [5555, 5555] [6, 6] 

priority: 26
prefix_length: 32 32 1 0 0 
range: [1431935084, 1431935084] [2776257318, 2776257318] [0, 65535] [7205, 7205] [6, 6] 

priority: 27
prefix_length: 32 32 1 0 0 
range: [1431935084, 1431935084] [2776257312, 2776257312] [0, 65535] [1526, 1526] [6, 6] 

priority: 28
prefix_length: 32 32 1 0 0 
range: [1431935053, 1431935053] [2737794976, 2737794976] [0, 65535] [3745, 3745] [6, 6] 

priority: 29
prefix_length: 32 32 1 0 0 
range: [1431935070, 1431935070] [2737794976, 2737794976] [0, 65535] [27400, 27400] [6, 6] 

priority: 30
prefix_length: 32 32 1 0 0 
range: [1431935070, 1431935070] [2737794976, 2737794976] [0, 65535] [1724, 1724] [6, 6] 

priority: 31
prefix_length: 32 32 1 0 0 
range: [1431935070, 1431935070] [2737794976, 2737794976] [0, 65535] [5632, 5632] [6, 6] 

priority: 32
prefix_length: 32 32 1 0 0 
range: [1431935070, 1431935070] [2737794976, 2737794976] [0, 65535] [1489, 1489] [6, 6] 

priority: 33
prefix_length: 32 32 1 0 0 
range: [1431935070, 1431935070] [2737794976, 2737794976] [0, 65535] [2026, 2026] [6, 6] 

priority: 34
prefix_length: 32 32 1 0 0 
range: [3224123496, 3224123496] [2737794976, 2737794976] [0, 65535] [1711, 1711] [6, 6] 

priority: 35
prefix_length: 32 32 1 0 0 
range: [3266998669, 3266998669] [1534465771, 1534465771] [0, 65535] [1221, 1221] [6, 6] 

priority: 36
prefix_length: 32 32 1 0 0 
range: [3266998669, 3266998669] [1535087161, 1535087161] [0, 65535] [19856, 19856] [6, 6] 

priority: 37
prefix_length: 32 32 1 0 0 
range: [3266998669, 3266998669] [1533609160, 1533609160] [0, 65535] [1724, 1724] [6, 6] 

priority: 38
prefix_length: 32 32 1 0 0 
range: [3266998675, 3266998675] [1534016176, 1534016176] [0, 65535] [2110, 2110] [6, 6] 

priority: 39
prefix_length: 32 32 1 0 0 
range: [3266998674, 3266998674] [1534016176, 1534016176] [0, 65535] [1521, 1521] [6, 6] 

priority: 40
prefix_length: 32 32 1 0 0 
range: [3266998699, 3266998699] [1458770925, 1458770925] [0, 65535] [1724, 1724] [6, 6] 

priority: 41
prefix_length: 32 32 1 0 0 
range: [3266998702, 3266998702] [1458994818, 1458994818] [0, 65535] [1521, 1521] [6, 6] 

priority: 42
prefix_length: 32 32 1 0 0 
range: [3266998702, 3266998702] [1459056452, 1459056452] [0, 65535] [1724, 1724] [6, 6] 

priority: 43
prefix_length: 32 32 1 0 0 
range: [3266998711, 3266998711] [1459058748, 1459058748] [0, 65535] [5541, 5541] [6, 6] 

priority: 44
prefix_length: 32 32 1 0 0 
range: [3266998711, 3266998711] [1459058748, 1459058748] [0, 65535] [1433, 1433] [6, 6] 

priority: 45
prefix_length: 32 32 1 0 0 
range: [3266998711, 3266998711] [1430293558, 1430293558] [0, 65535] [1521, 1521] [6, 6] 

priority: 46
prefix_length: 32 32 1 0 0 
range: [3266998712, 3266998712] [1430293558, 1430293558] [0, 65535] [1521, 1521] [6, 6] 

priority: 47
prefix_length: 32 32 1 0 0 
range: [3266998712, 3266998712] [1430539421, 1430539421] [0, 65535] [1521, 1521] [6, 6] 

priority: 48
prefix_length: 32 32 1 0 0 
range: [3266998762, 3266998762] [2737794976, 2737794976] [0, 65535] [1521, 1521] [6, 6] 

priority: 49
prefix_length: 32 32 1 0 0 
range: [3266998762, 3266998762] [2737794976, 2737794976] [0, 65535] [1525, 1525] [6, 6] 

priority: 50
prefix_length: 32 32 1 0 0 
range: [3266998762, 3266998762] [486761145, 486761145] [0, 65535] [1521, 1521] [17, 17] 

priority: 51
prefix_length: 32 32 1 0 0 
range: [3266998762, 3266998762] [495215440, 495215440] [0, 65535] [1521, 1521] [6, 6] 

priority: 52
prefix_length: 32 32 1 0 0 
range: [3266998762, 3266998762] [184919033, 184919033] [0, 65535] [30804, 30804] [6, 6] 

priority: 53
prefix_length: 32 32 1 0 0 
range: [3266998762, 3266998762] [184919033, 184919033] [0, 65535] [1715, 1715] [6, 6] 

priority: 54
prefix_length: 32 32 1 0 0 
range: [3266998762, 3266998762] [184919027, 184919027] [0, 65535] [1724, 1724] [6, 6] 

priority: 55
prefix_length: 32 32 1 0 0 
range: [3266998762, 3266998762] [184919027, 184919027] [0, 65535] [1221, 1221] [6, 6] 

priority: 56
prefix_length: 32 32 1 0 0 
range: [3266998762, 3266998762] [185540810, 185540810] [0, 65535] [443, 443] [6, 6] 

priority: 57
prefix_length: 32 32 1 0 0 
range: [3266998762, 3266998762] [185540810, 185540810] [0, 65535] [1540, 1540] [6, 6] 

priority: 58
prefix_length: 32 32 1 0 0 
range: [3266998763, 3266998763] [185540815, 185540815] [0, 65535] [1733, 1733] [6, 6] 

priority: 59
prefix_length: 32 32 1 0 0 
range: [3266998763, 3266998763] [185357710, 185357710] [0, 65535] [1521, 1521] [6, 6] 

priority: 60
prefix_length: 32 32 1 0 0 
range: [3266998763, 3266998763] [185357710, 185357710] [0, 65535] [1490, 1490] [17, 17] 

priority: 61
prefix_length: 32 32 1 0 0 
range: [3266998763, 3266998763] [3448758164, 3448758164] [0, 65535] [20, 20] [6, 6] 

priority: 62
prefix_length: 32 32 1 0 0 
range: [3266998763, 3266998763] [803789034, 803789034] [0, 65535] [1601, 1601] [6, 6] 

priority: 63
prefix_length: 32 32 1 0 0 
range: [3266998763, 3266998763] [803789034, 803789034] [0, 65535] [5631, 5631] [6, 6] 

priority: 64
prefix_length: 32 32 1 0 0 
range: [3266998763, 3266998763] [803789034, 803789034] [0, 65535] [1704, 1704] [6, 6] 

priority: 65
prefix_length: 32 32 1 0 0 
range: [3266998763, 3266998763] [803789034, 803789034] [0, 65535] [1712, 1712] [6, 6] 

priority: 66
prefix_length: 32 32 1 0 0 
range: [3266998763, 3266998763] [803789034, 803789034] [0, 65535] [135, 135] [6, 6] 

priority: 67
prefix_length: 32 32 1 0 0 
range: [3266998746, 3266998746] [803789034, 803789034] [0, 65535] [1521, 1521] [6, 6] 

priority: 68
prefix_length: 32 32 1 0 0 
range: [3266998746, 3266998746] [803789034, 803789034] [0, 65535] [14753, 14753] [6, 6] 

priority: 69
prefix_length: 32 32 1 0 0 
range: [3266998746, 3266998746] [2737794976, 2737794976] [0, 65535] [14753, 14753] [17, 17] 

priority: 70
prefix_length: 32 32 1 0 0 
range: [3266998746, 3266998746] [803789034, 803789034] [0, 65535] [1717, 1717] [6, 6] 

priority: 71
prefix_length: 32 32 1 0 0 
range: [3266998746, 3266998746] [803789034, 803789034] [0, 65535] [1708, 1708] [6, 6] 

priority: 72
prefix_length: 32 32 1 0 0 
range: [3266998747, 3266998747] [803789034, 803789034] [0, 65535] [14753, 14753] [6, 6] 

priority: 73
prefix_length: 32 32 1 0 0 
range: [3266998747, 3266998747] [803789034, 803789034] [0, 65535] [6790, 6790] [6, 6] 

priority: 74
prefix_length: 32 32 1 0 0 
range: [3266998747, 3266998747] [803789034, 803789034] [0, 65535] [5541, 5541] [6, 6] 

priority: 75
prefix_length: 32 32 1 0 0 
range: [3266998747, 3266998747] [2737794976, 2737794976] [0, 65535] [1705, 1705] [6, 6] 

priority: 76
prefix_length: 32 32 1 0 0 
range: [3266998747, 3266998747] [803789034, 803789034] [0, 65535] [1708, 1708] [6, 6] 

priority: 77
prefix_length: 32 32 1 0 0 
range: [3266998747, 3266998747] [803789034, 803789034] [0, 65535] [5540, 5540] [6, 6] 

priority: 78
prefix_length: 32 32 1 0 0 
range: [3266998747, 3266998747] [803789034, 803789034] [0, 65535] [1734, 1734] [6, 6] 

priority: 79
prefix_length: 32 32 1 0 0 
range: [3266998747, 3266998747] [3266999374, 3266999374] [0, 65535] [1521, 1521] [6, 6] 

priority: 80
prefix_length: 32 32 1 0 0 
range: [3266998747, 3266998747] [803789034, 803789034] [0, 65535] [135, 135] [6, 6] 

priority: 81
prefix_length: 32 32 1 0 0 
range: [3266998747, 3266998747] [803789034, 803789034] [0, 65535] [1540, 1540] [17, 17] 

priority: 82
prefix_length: 32 32 1 0 0 
range: [3266998747, 3266998747] [803789034, 803789034] [0, 65535] [1521, 1521] [6, 6] 

priority: 83
prefix_length: 32 32 1 0 0 
range: [3266998725, 3266998725] [3448758164, 3448758164] [0, 65535] [1526, 1526] [6, 6] 

priority: 84
prefix_length: 32 32 1 0 0 
range: [3266998725, 3266998725] [803789034, 803789034] [0, 65535] [21, 21] [6, 6] 

priority: 85
prefix_length: 32 32 1 0 0 
range: [3266998725, 3266998725] [803789034, 803789034] [0, 65535] [1708, 1708] [6, 6] 

priority: 86
prefix_length: 32 32 1 0 0 
range: [3266998725, 3266998725] [2737794976, 2737794976] [0, 65535] [1490, 1490] [6, 6] 

priority: 87
prefix_length: 32 32 1 0 0 
range: [3266998725, 3266998725] [2737794976, 2737794976] [0, 65535] [1521, 1521] [6, 6] 

priority: 88
prefix_length: 32 32 1 0 0 
range: [3266998734, 3266998734] [803789034, 803789034] [0, 65535] [14753, 14753] [6, 6] 

priority: 89
prefix_length: 32 32 1 0 0 
range: [3266998734, 3266998734] [803789034, 803789034] [0, 65535] [6889, 6889] [6, 6] 

priority: 90
prefix_length: 32 32 1 0 0 
range: [3266998734, 3266998734] [2737794976, 2737794976] [0, 65535] [1221, 1221] [6, 6] 

priority: 91
prefix_length: 32 32 1 0 0 
range: [3266998734, 3266998734] [3448758164, 3448758164] [0, 65535] [1433, 1433] [6, 6] 

priority: 92
prefix_length: 32 32 1 0 0 
range: [3266998734, 3266998734] [803789034, 803789034] [0, 65535] [1521, 1521] [6, 6] 

priority: 93
prefix_length: 32 32 1 0 0 
range: [3266998734, 3266998734] [803789034, 803789034] [0, 65535] [1733, 1733] [6, 6] 

priority: 94
prefix_length: 32 32 1 0 0 
range: [3266998734, 3266998734] [803789034, 803789034] [0, 65535] [1717, 1717] [6, 6] 

priority: 95
prefix_length: 32 32 1 0 0 
range: [3266998734, 3266998734] [2737794976, 2737794976] [0, 65535] [1433, 1433] [6, 6] 

priority: 96
prefix_length: 32 32 1 0 0 
range: [1431935005, 1431935005] [4222037023, 4222037023] [0, 65535] [6789, 6789] [6, 6] 

priority: 97
prefix_length: 32 32 1 0 0 
range: [1431935005, 1431935005] [4222177475, 4222177475] [0, 65535] [1489, 1489] [6, 6] 

priority: 98
prefix_length: 32 32 1 0 0 
range: [1431935005, 1431935005] [4223520918, 4223520918] [0, 65535] [80, 80] [6, 6] 

priority: 99
prefix_length: 32 32 1 0 0 
range: [1431935005, 1431935005] [4223520945, 4223520945] [0, 65535] [27000, 27000] [6, 6] 

priority: 100
prefix_length: 32 32 1 0 0 
range: [1431935005, 1431935005] [1154193107, 1154193107] [0, 65535] [1526, 1526] [6, 6] 

priority: 101
prefix_length: 32 32 1 0 0 
range: [1431935005, 1431935005] [3546554583, 3546554583] [0, 65535] [135, 135] [6, 6] 

priority: 102
prefix_length: 32 32 1 0 0 
range: [1431935005, 1431935005] [3448758164, 3448758164] [0, 65535] [1705, 1705] [6, 6] 

priority: 103
prefix_length: 32 32 1 0 0 
range: [1431935005, 1431935005] [3448758164, 3448758164] [0, 65535] [5540, 5540] [17, 17] 

priority: 104
prefix_length: 32 32 1 0 0 
range: [1431935005, 1431935005] [803789034, 803789034] [0, 65535] [1526, 1526] [6, 6] 

priority: 105
prefix_length: 32 32 1 0 0 
range: [1431935005, 1431935005] [3448758164, 3448758164] [0, 65535] [20, 20] [6, 6] 

priority: 106
prefix_length: 32 32 1 0 0 
range: [1431935005, 1431935005] [3325668874, 3325668874] [0, 65535] [5541, 5541] [6, 6] 

priority: 107
prefix_length: 32 32 1 0 0 
range: [1431935005, 1431935005] [3333254249, 3333254249] [0, 65535] [1521, 1521] [6, 6] 

priority: 108
prefix_length: 32 32 1 0 0 
range: [1431935005, 1431935005] [803789034, 803789034] [0, 65535] [1707, 1707] [6, 6] 

priority: 109
prefix_length: 32 32 1 0 0 
range: [1431935005, 1431935005] [3266999374, 3266999374] [0, 65535] [5631, 5631] [6, 6] 

priority: 110
prefix_length: 32 32 1 0 0 
range: [1431935005, 1431935005] [3266999374, 3266999374] [0, 65535] [1521, 1521] [6, 6] 

priority: 111
prefix_length: 32 32 1 0 0 
range: [1431935005, 1431935005] [3266999374, 3266999374] [0, 65535] [1705, 1705] [6, 6] 

priority: 112
prefix_length: 32 32 1 0 0 
range: [1431935084, 1431935084] [3266999374, 3266999374] [0, 65535] [1708, 1708] [6, 6] 

priority: 113
prefix_length: 32 32 1 0 0 
range: [1431935084, 1431935084] [3266999374, 3266999374] [0, 65535] [6000, 6000] [6, 6] 

priority: 114
prefix_length: 32 32 1 0 0 
range: [1431935084, 1431935084] [803789034, 803789034] [0, 65535] [1521, 1521] [6, 6] 

priority: 115
prefix_length: 32 32 1 0 0 
range: [1431935084, 1431935084] [3266999374, 3266999374] [0, 65535] [27000, 27000] [6, 6] 

priority: 116
prefix_length: 32 32 1 0 0 
range: [1431935084, 1431935084] [3266999374, 3266999374] [0, 65535] [1526, 1526] [6, 6] 

priority: 117
prefix_length: 32 32 1 0 0 
range: [1431935084, 1431935084] [3266999374, 3266999374] [0, 65535] [3031, 3031] [6, 6] 

priority: 118
prefix_length: 32 32 1 0 0 
range: [1431935084, 1431935084] [803789034, 803789034] [0, 65535] [1221, 1221] [6, 6] 

priority: 119
prefix_length: 32 32 1 0 0 
range: [1431935084, 1431935084] [3266999374, 3266999374] [0, 65535] [1521, 1521] [6, 6] 

priority: 120
prefix_length: 32 32 1 0 0 
range: [1431935084, 1431935084] [2216304300, 2216304300] [0, 65535] [14753, 14753] [6, 6] 

priority: 121
prefix_length: 32 32 1 0 0 
range: [1431935084, 1431935084] [1154477578, 1154477578] [0, 65535] [1221, 1221] [6, 6] 

priority: 122
prefix_length: 32 32 1 0 0 
range: [1431935084, 1431935084] [2216304279, 2216304279] [0, 65535] [1433, 1433] [6, 6] 

priority: 123
prefix_length: 32 32 1 0 0 
range: [1431935084, 1431935084] [2216304279, 2216304279] [0, 65535] [1521, 1521] [17, 17] 

priority: 124
prefix_length: 32 32 1 0 0 
range: [1431935084, 1431935084] [2216304279, 2216304279] [0, 65535] [135, 135] [6, 6] 

priority: 125
prefix_length: 32 32 1 0 0 
range: [1431935084, 1431935084] [803789034, 803789034] [0, 65535] [1433, 1433] [6, 6] 

priority: 126
prefix_length: 32 32 1 0 0 
range: [1431935084, 1431935084] [2358716704, 2358716704] [0, 65535] [5555, 5555] [6, 6] 

priority: 127
prefix_length: 32 32 1 0 0 
range: [1431935084, 1431935084] [2358716704, 2358716704] [0, 65535] [6790, 6790] [6, 6] 

priority: 128
prefix_length: 32 32 1 0 0 
range: [1431935084, 1431935084] [2358716704, 2358716704] [0, 65535] [20, 20] [6, 6] 

priority: 129
prefix_length: 32 32 1 0 0 
range: [1431935084, 1431935084] [1431933806, 1431933806] [0, 65535] [1733, 1733] [6, 6] 

priority: 130
prefix_length: 32 32 1 0 0 
range: [1431935084, 1431935084] [2358716704, 2358716704] [0, 65535] [1708, 1708] [6, 6] 

priority: 131
prefix_length: 32 32 1 0 0 
range: [1431935084, 1431935084] [2358716704, 2358716704] [0, 65535] [1521, 1521] [6, 6] 

priority: 132
prefix_length: 32 32 1 0 0 
range: [1431935084, 1431935084] [2400612372, 2400612372] [0, 65535] [2115, 2115] [6, 6] 

priority: 133
prefix_length: 32 32 1 0 0 
range: [1431935084, 1431935084] [2400612372, 2400612372] [0, 65535] [1526, 1526] [6, 6] 

priority: 134
prefix_length: 32 32 1 0 0 
range: [1431935084, 1431935084] [2400612373, 2400612373] [0, 65535] [1717, 1717] [6, 6] 

priority: 135
prefix_length: 32 32 1 0 0 
range: [1431935084, 1431935084] [2400612373, 2400612373] [0, 65535] [1521, 1521] [6, 6] 

priority: 136
prefix_length: 32 32 1 0 0 
range: [1431935084, 1431935084] [2400612373, 2400612373] [0, 65535] [1525, 1525] [6, 6] 

priority: 137
prefix_length: 32 32 1 0 0 
range: [1431935084, 1431935084] [2400612373, 2400612373] [0, 65535] [1705, 1705] [6, 6] 

priority: 138
prefix_length: 32 32 1 0 0 
range: [1431935084, 1431935084] [1534016176, 1534016176] [0, 65535] [1490, 1490] [6, 6] 

priority: 139
prefix_length: 32 32 1 0 0 
range: [1431935084, 1431935084] [2774850601, 2774850601] [0, 65535] [135, 135] [6, 6] 

priority: 140
prefix_length: 32 32 1 0 0 
range: [1431935084, 1431935084] [2775104714, 2775104714] [0, 65535] [1526, 1526] [6, 6] 

priority: 141
prefix_length: 32 32 1 0 0 
range: [1431935084, 1431935084] [2775104714, 2775104714] [0, 65535] [1712, 1712] [6, 6] 

priority: 142
prefix_length: 32 32 1 0 0 
range: [1431935084, 1431935084] [2776309231, 2776309231] [0, 65535] [1521, 1521] [6, 6] 

priority: 143
prefix_length: 32 32 1 0 0 
range: [1431935084, 1431935084] [2776309223, 2776309223] [0, 65535] [1526, 1526] [6, 6] 

priority: 144
prefix_length: 32 32 1 0 0 
range: [1431935084, 1431935084] [2775721250, 2775721250] [0, 65535] [5555, 5555] [6, 6] 

priority: 145
prefix_length: 32 32 1 0 0 
range: [1431935084, 1431935084] [2776013031, 2776013031] [0, 65535] [1221, 1221] [6, 6] 

priority: 146
prefix_length: 32 32 1 0 0 
range: [1431935084, 1431935084] [2776013031, 2776013031] [0, 65535] [1526, 1526] [6, 6] 

priority: 147
prefix_length: 32 32 1 0 0 
range: [1431935084, 1431935084] [2776013031, 2776013031] [0, 65535] [1715, 1715] [6, 6] 

priority: 148
prefix_length: 32 32 1 0 0 
range: [1431935084, 1431935084] [2748569823, 2748569823] [0, 65535] [1521, 1521] [6, 6] 

priority: 149
prefix_length: 32 32 1 0 0 
range: [1431935084, 1431935084] [2744239638, 2744239638] [0, 65535] [1521, 1521] [6, 6] 

priority: 150
prefix_length: 32 32 1 0 0 
range: [1431935084, 1431935084] [2744843521, 2744843521] [0, 65535] [6000, 6000] [6, 6] 

priority: 151
prefix_length: 32 32 1 0 0 
range: [1431935053, 1431935053] [2744843521, 2744843521] [0, 65535] [1221, 1221] [6, 6] 

priority: 152
prefix_length: 32 32 1 0 0 
range: [1431935053, 1431935053] [2744843521, 2744843521] [0, 65535] [1521, 1521] [6, 6] 

priority: 153
prefix_length: 32 32 1 0 0 
range: [1431935053, 1431935053] [2744023809, 2744023809] [0, 65535] [1525, 1525] [6, 6] 

priority: 154
prefix_length: 32 32 1 0 0 
range: [1431935053, 1431935053] [2744023926, 2744023926] [0, 65535] [14753, 14753] [6, 6] 

priority: 155
prefix_length: 32 32 1 0 0 
range: [1431935053, 1431935053] [2744110259, 2744110259] [0, 65535] [6000, 6000] [6, 6] 

priority: 156
prefix_length: 32 32 1 0 0 
range: [1431935053, 1431935053] [2744110259, 2744110259] [0, 65535] [1525, 1525] [6, 6] 

priority: 157
prefix_length: 32 32 1 0 0 
range: [1431935053, 1431935053] [2744110259, 2744110259] [0, 65535] [1521, 1521] [6, 6] 

priority: 158
prefix_length: 32 32 1 0 0 
range: [1431935053, 1431935053] [803789034, 803789034] [0, 65535] [1433, 1433] [6, 6] 

priority: 159
prefix_length: 32 32 1 0 0 
range: [1431935053, 1431935053] [2744110259, 2744110259] [0, 65535] [1433, 1433] [6, 6] 

priority: 160
prefix_length: 32 32 1 0 0 
range: [1431935053, 1431935053] [2744110259, 2744110259] [0, 65535] [1526, 1526] [6, 6] 

priority: 161
prefix_length: 32 32 1 0 0 
range: [1431935053, 1431935053] [2744110259, 2744110259] [0, 65535] [1433, 1433] [17, 17] 

priority: 162
prefix_length: 32 32 1 0 0 
range: [1431935053, 1431935053] [2744110259, 2744110259] [0, 65535] [5540, 5540] [6, 6] 

priority: 163
prefix_length: 32 32 1 0 0 
range: [1431935053, 1431935053] [2744110259, 2744110259] [0, 65535] [20, 20] [6, 6] 

priority: 164
prefix_length: 32 32 1 0 0 
range: [1431935053, 1431935053] [2744110259, 2744110259] [0, 65535] [5541, 5541] [6, 6] 

priority: 165
prefix_length: 32 32 1 0 0 
range: [1431935053, 1431935053] [2737794976, 2737794976] [0, 65535] [20, 20] [6, 6] 

priority: 166
prefix_length: 32 32 1 0 0 
range: [1431935053, 1431935053] [2737794976, 2737794976] [0, 65535] [1521, 1521] [6, 6] 

priority: 167
prefix_length: 32 32 1 0 0 
range: [1431935053, 1431935053] [2737794976, 2737794976] [0, 65535] [1711, 1711] [6, 6] 

priority: 168
prefix_length: 32 32 1 0 0 
range: [1431935053, 1431935053] [2737794976, 2737794976] [0, 65535] [1221, 1221] [6, 6] 

priority: 169
prefix_length: 32 32 1 0 0 
range: [1431935053, 1431935053] [2737794976, 2737794976] [0, 65535] [5555, 5555] [6, 6] 

priority: 170
prefix_length: 32 32 1 0 0 
range: [1431935053, 1431935053] [2737794976, 2737794976] [0, 65535] [1708, 1708] [6, 6] 

priority: 171
prefix_length: 32 32 1 0 0 
range: [1431935053, 1431935053] [803789034, 803789034] [0, 65535] [6000, 6000] [6, 6] 

priority: 172
prefix_length: 32 32 1 0 0 
range: [1431935070, 1431935070] [2737794976, 2737794976] [0, 65535] [1521, 1521] [6, 6] 

priority: 173
prefix_length: 32 32 1 0 0 
range: [1431935070, 1431935070] [1431933806, 1431933806] [0, 65535] [1733, 1733] [6, 6] 

priority: 174
prefix_length: 32 32 1 0 0 
range: [1431935070, 1431935070] [2737794976, 2737794976] [0, 65535] [21, 21] [6, 6] 

priority: 175
prefix_length: 32 32 1 0 0 
range: [1431935070, 1431935070] [803789034, 803789034] [0, 65535] [20, 20] [6, 6] 

priority: 176
prefix_length: 32 32 1 0 0 
range: [1431935070, 1431935070] [1431933806, 1431933806] [0, 65535] [1708, 1708] [6, 6] 

priority: 177
prefix_length: 32 32 1 0 0 
range: [1431935070, 1431935070] [2737794976, 2737794976] [0, 65535] [1705, 1705] [6, 6] 

priority: 178
prefix_length: 32 32 1 0 0 
range: [1431935070, 1431935070] [803789034, 803789034] [0, 65535] [1433, 1433] [6, 6] 

priority: 179
prefix_length: 32 32 1 0 0 
range: [1431935070, 1431935070] [1431933806, 1431933806] [0, 65535] [30804, 30804] [6, 6] 

priority: 180
prefix_length: 32 32 1 0 0 
range: [1431935070, 1431935070] [2737794976, 2737794976] [0, 65535] [1525, 1525] [6, 6] 

priority: 181
prefix_length: 32 32 1 0 0 
range: [1431935070, 1431935070] [2737794976, 2737794976] [0, 65535] [5540, 5540] [6, 6] 

priority: 182
prefix_length: 32 32 1 0 0 
range: [1431935070, 1431935070] [803789034, 803789034] [0, 65535] [1489, 1489] [6, 6] 

priority: 183
prefix_length: 32 32 1 0 0 
range: [1431935070, 1431935070] [2737794976, 2737794976] [0, 65535] [135, 135] [6, 6] 

priority: 184
prefix_length: 32 32 1 0 0 
range: [1431935070, 1431935070] [2737794976, 2737794976] [0, 65535] [1521, 1521] [17, 17] 

priority: 185
prefix_length: 32 32 1 0 0 
range: [1431935070, 1431935070] [803789034, 803789034] [0, 65535] [1705, 1705] [6, 6] 

priority: 186
prefix_length: 32 32 1 0 0 
range: [1431935070, 1431935070] [803789034, 803789034] [0, 65535] [1221, 1221] [6, 6] 

priority: 187
prefix_length: 32 32 1 0 0 
range: [1431935070, 1431935070] [2737794976, 2737794976] [0, 65535] [1221, 1221] [6, 6] 

priority: 188
prefix_length: 32 32 1 0 0 
range: [1431935070, 1431935070] [803789034, 803789034] [0, 65535] [1525, 1525] [6, 6] 

priority: 189
prefix_length: 32 32 1 0 0 
range: [1431935070, 1431935070] [2737794976, 2737794976] [0, 65535] [1733, 1733] [6, 6] 

priority: 190
prefix_length: 32 32 1 0 0 
range: [1431935070, 1431935070] [2737794976, 2737794976] [0, 65535] [14753, 14753] [6, 6] 

priority: 191
prefix_length: 32 32 1 0 0 
range: [1431935070, 1431935070] [2737794976, 2737794976] [0, 65535] [1708, 1708] [6, 6] 

priority: 192
prefix_length: 32 32 1 0 0 
range: [1431935070, 1431935070] [2737794976, 2737794976] [0, 65535] [20, 20] [6, 6] 

priority: 392
prefix_length: 32 32 1 1 0 
range: [3266998669, 3266998669] [1535087162, 1535087162] [0, 65535] [61700, 61709] [6, 6] 

priority: 393
prefix_length: 32 32 1 1 0 
range: [3266998712, 3266998712] [3266999374, 3266999374] [0, 65535] [61300, 61309] [6, 6] 

priority: 394
prefix_length: 32 32 1 1 0 
range: [1431935084, 1431935084] [803789034, 803789034] [0, 65535] [62100, 62109] [6, 6] 

priority: 447
prefix_length: 32 32 1 1 0 
range: [1431935070, 1431935070] [2737794976, 2737794976] [0, 65535] [2200, 2210] [6, 6] 

priority: 448
prefix_length: 32 32 1 1 0 
range: [3266998712, 3266998712] [1430537155, 1430537155] [0, 65535] [61200, 61209] [6, 6] 

priority: 449
prefix_length: 32 32 1 1 0 
range: [3266998763, 3266998763] [803789034, 803789034] [0, 65535] [62500, 62509] [6, 6] 

priority: 450
prefix_length: 32 32 1 1 0 
range: [3266998746, 3266998746] [803789034, 803789034] [0, 65535] [61300, 61309] [6, 6] 

priority: 451
prefix_length: 32 32 1 1 0 
range: [3266998747, 3266998747] [803789034, 803789034] [0, 65535] [62400, 62409] [6, 6] 

priority: 452
prefix_length: 32 32 1 1 0 
range: [3266998725, 3266998725] [803789034, 803789034] [0, 65535] [61900, 61909] [6, 6] 

priority: 453
prefix_length: 32 32 1 1 0 
range: [3266998734, 3266998734] [803789034, 803789034] [0, 65535] [62400, 62409] [6, 6] 

priority: 454
prefix_length: 32 32 1 1 0 
range: [3266998734, 3266998734] [803789034, 803789034] [0, 65535] [61900, 61909] [6, 6] 

priority: 455
prefix_length: 32 32 1 1 0 
range: [1431935005, 1431935005] [4223520948, 4223520948] [0, 65535] [61300, 61309] [6, 6] 

priority: 456
prefix_length: 32 32 1 1 0 
range: [1431935005, 1431935005] [3325415540, 3325415540] [0, 65535] [61000, 61009] [17, 17] 

priority: 457
prefix_length: 32 32 1 1 0 
range: [1431935084, 1431935084] [2216304279, 2216304279] [0, 65535] [62600, 62609] [6, 6] 

priority: 458
prefix_length: 32 32 1 1 0 
range: [1431935084, 1431935084] [2358716704, 2358716704] [0, 65535] [61400, 61409] [6, 6] 

priority: 459
prefix_length: 32 32 1 1 0 
range: [1431935053, 1431935053] [803789034, 803789034] [0, 65535] [61300, 61309] [6, 6] 

priority: 460
prefix_length: 32 32 1 1 0 
range: [1431935053, 1431935053] [2744110259, 2744110259] [0, 65535] [61300, 61309] [6, 6] 

priority: 461
prefix_length: 32 32 1 1 0 
range: [1431935070, 1431935070] [2737794976, 2737794976] [0, 65535] [62700, 62709] [6, 6] 

priority: 462
prefix_length: 32 32 1 1 0 
range: [1431935070, 1431935070] [803789034, 803789034] [0, 65535] [62500, 62509] [6, 6] 

priority: 463
prefix_length: 32 32 1 1 0 
range: [1431935070, 1431935070] [803789034, 803789034] [0, 65535] [62000, 62009] [6, 6] 

priority: 465
prefix_length: 32 32 1 1 0 
range: [3266998763, 3266998763] [185357710, 185357710] [0, 65535] [1700, 1720] [6, 6] 

priority: 466
prefix_length: 32 32 1 1 0 
range: [3266998734, 3266998734] [803789034, 803789034] [0, 65535] [1700, 1720] [6, 6] 

priority: 467
prefix_length: 32 32 1 1 0 
range: [3266998763, 3266998763] [803789034, 803789034] [0, 65535] [20000, 20010] [6, 6] 

priority: 468
prefix_length: 32 32 1 1 0 
range: [1431935053, 1431935053] [2737794976, 2737794976] [0, 65535] [2200, 2210] [6, 6] 

priority: 469
prefix_length: 32 32 1 1 0 
range: [3266998746, 3266998746] [803789034, 803789034] [0, 65535] [61100, 61119] [6, 6] 

priority: 483
prefix_length: 32 32 1 1 0 
range: [3266998762, 3266998762] [184919033, 184919033] [0, 65535] [62220, 62239] [6, 6] 

priority: 484
prefix_length: 32 32 1 1 0 
range: [3266998734, 3266998734] [803789034, 803789034] [0, 65535] [62200, 62219] [6, 6] 

priority: 485
prefix_length: 32 32 1 1 0 
range: [1431935005, 1431935005] [4223520918, 4223520918] [0, 65535] [61100, 61119] [6, 6] 

priority: 494
prefix_length: 32 32 1 1 0 
range: [1431935005, 1431935005] [1154191453, 1154191453] [0, 65535] [1600, 1649] [6, 6] 

priority: 498
prefix_length: 32 32 1 1 0 
range: [3266998674, 3266998674] [1534016176, 1534016176] [0, 65535] [1600, 1649] [6, 6] 

priority: 499
prefix_length: 32 32 1 1 0 
range: [3266998699, 3266998699] [1458770925, 1458770925] [0, 65535] [1600, 1649] [6, 6] 

priority: 500
prefix_length: 32 32 1 1 0 
range: [1431935005, 1431935005] [3333254249, 3333254249] [0, 65535] [1300, 1349] [6, 6] 

priority: 501
prefix_length: 32 32 1 1 0 
range: [1431935084, 1431935084] [3266999374, 3266999374] [0, 65535] [1600, 1649] [6, 6] 

priority: 502
prefix_length: 32 32 1 1 0 
range: [1431935084, 1431935084] [2776013031, 2776013031] [0, 65535] [1600, 1649] [6, 6] 

priority: 503
prefix_length: 32 32 1 1 0 
range: [1431935070, 1431935070] [2737794976, 2737794976] [0, 65535] [1600, 1649] [6, 6] 

priority: 504
prefix_length: 32 32 1 1 0 
range: [1431935070, 1431935070] [2737794976, 2737794976] [0, 65535] [1300, 1349] [6, 6] 

priority: 509
prefix_length: 32 32 1 1 0 
range: [3266998763, 3266998763] [803789034, 803789034] [0, 65535] [1700, 1750] [6, 6] 

priority: 510
prefix_length: 32 32 1 1 0 
range: [3266998747, 3266998747] [803789034, 803789034] [0, 65535] [1300, 1350] [6, 6] 

priority: 511
prefix_length: 32 32 1 1 0 
range: [1431935005, 1431935005] [1431933806, 1431933806] [0, 65535] [1600, 1650] [6, 6] 

priority: 512
prefix_length: 32 32 1 1 0 
range: [1431935084, 1431935084] [2216304288, 2216304288] [0, 65535] [1600, 1650] [6, 6] 

priority: 513
prefix_length: 32 32 1 1 0 
range: [1431935084, 1431935084] [803789034, 803789034] [0, 65535] [1300, 1350] [6, 6] 

priority: 526
prefix_length: 32 32 1 1 0 
range: [3266998762, 3266998762] [372946732, 372946732] [0, 65535] [8000, 8100] [6, 6] 

priority: 527
prefix_length: 32 32 1 1 0 
range: [1431935084, 1431935084] [2400612373, 2400612373] [0, 65535] [8000, 8100] [6, 6] 

priority: 528
prefix_length: 32 32 1 1 0 
range: [1431935084, 1431935084] [2776013037, 2776013037] [0, 65535] [8000, 8100] [6, 6] 

priority: 530
prefix_length: 32 32 1 1 0 
range: [3266998763, 3266998763] [185357710, 185357710] [0, 65535] [7500, 7599] [6, 6] 

priority: 531
prefix_length: 32 32 1 1 0 
range: [3266998734, 3266998734] [2737794976, 2737794976] [0, 65535] [7500, 7599] [6, 6] 

priority: 532
prefix_length: 32 32 1 1 0 
range: [1431935005, 1431935005] [3266999374, 3266999374] [0, 65535] [1300, 1399] [6, 6] 

priority: 681
prefix_length: 32 32 1 1 0 
range: [3266998762, 3266998762] [495215276, 495215276] [0, 65535] [0, 65535] [6, 6] 

priority: 682
prefix_length: 32 32 1 1 0 
range: [3266998763, 3266998763] [803789034, 803789034] [0, 65535] [0, 65535] [6, 6] 

priority: 683
prefix_length: 32 32 1 1 0 
range: [3266998734, 3266998734] [803789034, 803789034] [0, 65535] [0, 65535] [6, 6] 

priority: 684
prefix_length: 32 32 1 1 0 
range: [1431935005, 1431935005] [3448758164, 3448758164] [0, 65535] [0, 65535] [6, 6] 

priority: 685
prefix_length: 32 32 1 1 0 
range: [1431935084, 1431935084] [2775084095, 2775084095] [0, 65535] [0, 65535] [6, 6] 

priority: 686
prefix_length: 32 32 1 1 0 
range: [1431935084, 1431935084] [2776309219, 2776309219] [0, 65535] [0, 65535] [6, 6] 

priority: 687
prefix_length: 32 32 1 1 0 
range: [1431935070, 1431935070] [1431933806, 1431933806] [0, 65535] [0, 65535] [6, 6] 

priority: 688
prefix_length: 32 32 1 1 0 
range: [3266998763, 3266998763] [803789034, 803789034] [0, 65535] [1025, 65535] [6, 6] 

priority: 689
prefix_length: 32 32 1 1 0 
range: [3266998763, 3266998763] [2737794976, 2737794976] [0, 65535] [1025, 65535] [6, 6] 

priority: 690
prefix_length: 32 32 1 1 0 
range: [3266998669, 3266998669] [1535087164, 1535087164] [0, 65535] [0, 65535] [6, 6] 

priority: 691
prefix_length: 32 32 1 1 0 
range: [3266998675, 3266998675] [1533609160, 1533609160] [0, 65535] [0, 65535] [6, 6] 

priority: 692
prefix_length: 32 32 1 1 0 
range: [3266998674, 3266998674] [1534016176, 1534016176] [0, 65535] [0, 65535] [6, 6] 

priority: 693
prefix_length: 32 32 1 1 0 
range: [3266998762, 3266998762] [184919027, 184919027] [0, 65535] [0, 65535] [6, 6] 

priority: 694
prefix_length: 32 32 1 1 0 
range: [3266998763, 3266998763] [2737794976, 2737794976] [0, 65535] [0, 65535] [6, 6] 

priority: 695
prefix_length: 32 32 1 1 0 
range: [3266998763, 3266998763] [803789034, 803789034] [0, 65535] [0, 65535] [1, 1] 

priority: 696
prefix_length: 32 32 1 1 0 
range: [3266998747, 3266998747] [803789034, 803789034] [0, 65535] [0, 65535] [6, 6] 

priority: 697
prefix_length: 32 32 1 1 0 
range: [3266998734, 3266998734] [803789034, 803789034] [0, 65535] [0, 65535] [6, 6] 

priority: 698
prefix_length: 32 32 1 1 0 
range: [3266998734, 3266998734] [803789034, 803789034] [0, 65535] [0, 65535] [1, 1] 

priority: 699
prefix_length: 32 32 1 1 0 
range: [1431935005, 1431935005] [3448719340, 3448719340] [0, 65535] [0, 65535] [6, 6] 

priority: 700
prefix_length: 32 32 1 1 0 
range: [1431935005, 1431935005] [3266999374, 3266999374] [0, 65535] [0, 65535] [6, 6] 

priority: 701
prefix_length: 32 32 1 1 0 
range: [1431935084, 1431935084] [3266999374, 3266999374] [0, 65535] [0, 65535] [6, 6] 

priority: 702
prefix_length: 32 32 1 1 0 
range: [1431935084, 1431935084] [2216304288, 2216304288] [0, 65535] [0, 65535] [6, 6] 

priority: 703
prefix_length: 32 32 1 1 0 
range: [1431935084, 1431935084] [2400612373, 2400612373] [0, 65535] [0, 65535] [6, 6] 

priority: 704
prefix_length: 32 32 1 1 0 
range: [1431935084, 1431935084] [2776339109, 2776339109] [0, 65535] [0, 65535] [6, 6] 

priority: 705
prefix_length: 32 32 1 1 0 
range: [1431935084, 1431935084] [803789034, 803789034] [0, 65535] [0, 65535] [6, 6] 

priority: 706
prefix_length: 32 32 1 1 0 
range: [1431935084, 1431935084] [2775721250, 2775721250] [0, 65535] [0, 65535] [6, 6] 

priority: 707
prefix_length: 32 32 1 1 0 
range: [1431935053, 1431935053] [803789034, 803789034] [0, 65535] [0, 65535] [1, 1] 

priority: 708
prefix_length: 32 32 1 1 0 
range: [1431935053, 1431935053] [2744110259, 2744110259] [0, 65535] [0, 65535] [6, 6] 

priority: 709
prefix_length: 32 32 1 1 0 
range: [1431935053, 1431935053] [803789034, 803789034] [0, 65535] [0, 65535] [6, 6] 

priority: 710
prefix_length: 32 32 1 1 0 
range: [1431935053, 1431935053] [1154326946, 1154326946] [0, 65535] [0, 65535] [6, 6] 

priority: 711
prefix_length: 32 32 1 1 0 
range: [1431935053, 1431935053] [2737794976, 2737794976] [0, 65535] [0, 65535] [6, 6] 

priority: 712
prefix_length: 32 32 1 1 0 
range: [1431935070, 1431935070] [2737794976, 2737794976] [0, 65535] [0, 65535] [1, 1] 

priority: 713
prefix_length: 32 32 1 1 0 
range: [1431935070, 1431935070] [1431933806, 1431933806] [0, 65535] [0, 65535] [6, 6] 

priority: 714
prefix_length: 32 32 1 1 0 
range: [1431935070, 1431935070] [2737794976, 2737794976] [0, 65535] [0, 65535] [6, 6] 

priority: 755
prefix_length: 32 32 1 1 1 
range: [3266998669, 3266998669] [1533609160, 1533609160] [0, 65535] [0, 65535] [0, 255] 

priority: 756
prefix_length: 32 32 1 1 1 
range: [3266998762, 3266998762] [495211329, 495211329] [0, 65535] [0, 65535] [0, 255] 

priority: 757
prefix_length: 32 32 1 1 1 
range: [3266998763, 3266998763] [2737794976, 2737794976] [0, 65535] [0, 65535] [0, 255] 

priority: 758
prefix_length: 32 32 1 1 1 
range: [3266998763, 3266998763] [803789034, 803789034] [0, 65535] [0, 65535] [0, 255] 

priority: 759
prefix_length: 32 32 1 1 1 
range: [3266998747, 3266998747] [803789034, 803789034] [0, 65535] [0, 65535] [0, 255] 

priority: 760
prefix_length: 32 32 1 1 1 
range: [3266998734, 3266998734] [803789034, 803789034] [0, 65535] [0, 65535] [0, 255] 

priority: 761
prefix_length: 32 32 1 1 1 
range: [1431935005, 1431935005] [803789034, 803789034] [0, 65535] [0, 65535] [0, 255] 

priority: 762
prefix_length: 32 32 1 1 1 
range: [1431935005, 1431935005] [3654570189, 3654570189] [0, 65535] [0, 65535] [0, 255] 

priority: 763
prefix_length: 32 32 1 1 1 
range: [1431935053, 1431935053] [1365399108, 1365399108] [0, 65535] [0, 65535] [0, 255] 

priority: 764
prefix_length: 32 32 1 1 1 
range: [1431935053, 1431935053] [2744023925, 2744023925] [0, 65535] [0, 65535] [0, 255] 

priority: 765
prefix_length: 32 32 1 1 1 
range: [1431935053, 1431935053] [1431933806, 1431933806] [0, 65535] [0, 65535] [0, 255] 

priority: 766
prefix_length: 32 32 1 1 1 
range: [1431935070, 1431935070] [2737794976, 2737794976] [0, 65535] [0, 65535] [0, 255] 

