priority: 213
prefix_length: 31 32 0 0 0 
range: [3266998672, 3266998673] [3266999374, 3266999374] [0, 65535] [14753, 14753] [6, 6] 

priority: 214
prefix_length: 31 32 0 0 0 
range: [3266998696, 3266998697] [3266999374, 3266999374] [0, 65535] [80, 80] [6, 6] 

priority: 215
prefix_length: 31 32 0 0 0 
range: [3266998700, 3266998701] [1458994818, 1458994818] [0, 65535] [1521, 1521] [6, 6] 

priority: 216
prefix_length: 31 32 0 0 0 
range: [3266998700, 3266998701] [1459056439, 1459056439] [0, 65535] [1711, 1711] [6, 6] 

priority: 217
prefix_length: 31 32 0 0 0 
range: [3266998760, 3266998761] [184919033, 184919033] [0, 65535] [1521, 1521] [6, 6] 

priority: 218
prefix_length: 31 32 0 0 0 
range: [3266998760, 3266998761] [185357710, 185357710] [0, 65535] [6000, 6000] [6, 6] 

priority: 219
prefix_length: 31 32 0 0 0 
range: [3266998760, 3266998761] [803789034, 803789034] [0, 65535] [30210, 30210] [6, 6] 

priority: 220
prefix_length: 31 32 0 0 0 
range: [3266998744, 3266998745] [803789034, 803789034] [0, 65535] [1525, 1525] [6, 6] 

priority: 221
prefix_length: 31 32 0 0 0 
range: [3266998744, 3266998745] [803789034, 803789034] [0, 65535] [1521, 1521] [6, 6] 

priority: 222
prefix_length: 31 32 0 0 0 
range: [3266998744, 3266998745] [803789034, 803789034] [0, 65535] [1489, 1489] [6, 6] 

priority: 223
prefix_length: 31 32 0 0 0 
range: [3266998726, 3266998727] [803789034, 803789034] [0, 65535] [1711, 1711] [6, 6] 

priority: 224
prefix_length: 31 32 0 0 0 
range: [3266998732, 3266998733] [803789034, 803789034] [0, 65535] [6000, 6000] [6, 6] 

priority: 225
prefix_length: 31 32 0 0 0 
range: [3266998732, 3266998733] [803789034, 803789034] [0, 65535] [6790, 6790] [6, 6] 

priority: 226
prefix_length: 31 32 0 0 0 
range: [3266998732, 3266998733] [803789034, 803789034] [0, 65535] [7205, 7205] [6, 6] 

priority: 227
prefix_length: 31 32 0 0 0 
range: [3266998732, 3266998733] [803789034, 803789034] [0, 65535] [1712, 1712] [6, 6] 

priority: 228
prefix_length: 31 32 0 0 0 
range: [1431935006, 1431935007] [803789034, 803789034] [0, 65535] [1707, 1707] [6, 6] 

priority: 229
prefix_length: 31 32 0 0 0 
range: [1431935006, 1431935007] [1431933806, 1431933806] [0, 65535] [1734, 1734] [6, 6] 

priority: 230
prefix_length: 31 32 0 0 0 
range: [1431935006, 1431935007] [3655349401, 3655349401] [0, 65535] [1433, 1433] [6, 6] 

priority: 231
prefix_length: 31 32 0 0 0 
range: [1431935006, 1431935007] [3635380602, 3635380602] [0, 65535] [1711, 1711] [6, 6] 

priority: 232
prefix_length: 31 32 0 0 0 
range: [1431935006, 1431935007] [3364580457, 3364580457] [0, 65535] [443, 443] [6, 6] 

priority: 233
prefix_length: 31 32 0 0 0 
range: [1431935006, 1431935007] [803789034, 803789034] [0, 65535] [1521, 1521] [6, 6] 

priority: 234
prefix_length: 31 32 0 0 0 
range: [1431935006, 1431935007] [3448758164, 3448758164] [0, 65535] [14753, 14753] [6, 6] 

priority: 235
prefix_length: 31 32 0 0 0 
range: [1431935086, 1431935087] [3266999374, 3266999374] [0, 65535] [1711, 1711] [6, 6] 

priority: 236
prefix_length: 31 32 0 0 0 
range: [1431935086, 1431935087] [2358716704, 2358716704] [0, 65535] [32200, 32200] [6, 6] 

priority: 237
prefix_length: 31 32 0 0 0 
range: [1431935086, 1431935087] [1431933806, 1431933806] [0, 65535] [1708, 1708] [6, 6] 

priority: 238
prefix_length: 31 32 0 0 0 
range: [1431935086, 1431935087] [2400612373, 2400612373] [0, 65535] [1433, 1433] [6, 6] 

priority: 239
prefix_length: 31 32 0 0 0 
range: [1431935086, 1431935087] [2775721250, 2775721250] [0, 65535] [6890, 6890] [6, 6] 

priority: 240
prefix_length: 31 32 0 0 0 
range: [1431935086, 1431935087] [2776013031, 2776013031] [0, 65535] [135, 135] [6, 6] 

priority: 241
prefix_length: 31 32 0 0 0 
range: [1431935086, 1431935087] [2744239649, 2744239649] [0, 65535] [1521, 1521] [6, 6] 

priority: 242
prefix_length: 31 32 0 0 0 
range: [1431935086, 1431935087] [2744843521, 2744843521] [0, 65535] [1525, 1525] [6, 6] 

priority: 243
prefix_length: 31 32 0 0 0 
range: [1431935054, 1431935055] [1431933806, 1431933806] [0, 65535] [1526, 1526] [6, 6] 

priority: 244
prefix_length: 31 32 0 0 0 
range: [1431935068, 1431935069] [2737794976, 2737794976] [0, 65535] [135, 135] [6, 6] 

priority: 245
prefix_length: 31 32 0 0 0 
range: [1431935068, 1431935069] [2737794976, 2737794976] [0, 65535] [1521, 1521] [6, 6] 

priority: 246
prefix_length: 31 32 0 0 0 
range: [1431935068, 1431935069] [2737794976, 2737794976] [0, 65535] [1489, 1489] [6, 6] 

priority: 247
prefix_length: 31 32 0 0 0 
range: [1431935068, 1431935069] [2737794976, 2737794976] [0, 65535] [6000, 6000] [6, 6] 

priority: 248
prefix_length: 31 32 0 0 0 
range: [1431935068, 1431935069] [803789034, 803789034] [0, 65535] [1733, 1733] [6, 6] 

priority: 249
prefix_length: 31 32 0 0 0 
range: [1431935068, 1431935069] [2737794976, 2737794976] [0, 65535] [2121, 2121] [6, 6] 

priority: 250
prefix_length: 31 32 0 0 0 
range: [3266998670, 3266998671] [1533609160, 1533609160] [0, 65535] [1521, 1521] [6, 6] 

priority: 251
prefix_length: 31 32 0 0 0 
range: [3266998672, 3266998673] [1534016176, 1534016176] [0, 65535] [1433, 1433] [6, 6] 

priority: 252
prefix_length: 31 32 0 0 0 
range: [3266998672, 3266998673] [1390569249, 1390569249] [0, 65535] [5555, 5555] [6, 6] 

priority: 253
prefix_length: 31 32 0 0 0 
range: [3266998708, 3266998709] [3266999374, 3266999374] [0, 65535] [2121, 2121] [6, 6] 

priority: 254
prefix_length: 31 32 0 0 0 
range: [3266998708, 3266998709] [1430293510, 1430293510] [0, 65535] [1221, 1221] [6, 6] 

priority: 255
prefix_length: 31 32 0 0 0 
range: [3266998714, 3266998715] [1430539700, 1430539700] [0, 65535] [1221, 1221] [6, 6] 

priority: 256
prefix_length: 31 32 0 0 0 
range: [3266998714, 3266998715] [1430536707, 1430536707] [0, 65535] [1526, 1526] [6, 6] 

priority: 257
prefix_length: 31 32 0 0 0 
range: [3266998714, 3266998715] [1430537155, 1430537155] [0, 65535] [30210, 30210] [6, 6] 

priority: 258
prefix_length: 31 32 0 0 0 
range: [3266998714, 3266998715] [2737794976, 2737794976] [0, 65535] [5541, 5541] [6, 6] 

priority: 259
prefix_length: 31 32 0 0 0 
range: [3266998714, 3266998715] [1430537155, 1430537155] [0, 65535] [14753, 14753] [6, 6] 

priority: 260
prefix_length: 31 32 0 0 0 
range: [3266998760, 3266998761] [270971264, 270971264] [0, 65535] [1708, 1708] [6, 6] 

priority: 261
prefix_length: 31 32 0 0 0 
range: [3266998760, 3266998761] [185540800, 185540800] [0, 65535] [1717, 1717] [6, 6] 

priority: 262
prefix_length: 31 32 0 0 0 
range: [3266998760, 3266998761] [185357710, 185357710] [0, 65535] [1433, 1433] [6, 6] 

priority: 263
prefix_length: 31 32 0 0 0 
range: [3266998760, 3266998761] [185357710, 185357710] [0, 65535] [6888, 6888] [6, 6] 

priority: 264
prefix_length: 31 32 0 0 0 
range: [3266998760, 3266998761] [2737794976, 2737794976] [0, 65535] [1734, 1734] [6, 6] 

priority: 265
prefix_length: 31 32 0 0 0 
range: [3266998744, 3266998745] [803789034, 803789034] [0, 65535] [2121, 2121] [6, 6] 

priority: 266
prefix_length: 31 32 0 0 0 
range: [3266998744, 3266998745] [803789034, 803789034] [0, 65535] [1526, 1526] [6, 6] 

priority: 267
prefix_length: 31 32 0 0 0 
range: [3266998744, 3266998745] [803789034, 803789034] [0, 65535] [1433, 1433] [6, 6] 

priority: 268
prefix_length: 31 32 0 0 0 
range: [3266998744, 3266998745] [803789034, 803789034] [0, 65535] [1221, 1221] [6, 6] 

priority: 269
prefix_length: 31 32 0 0 0 
range: [3266998744, 3266998745] [2737794976, 2737794976] [0, 65535] [30211, 30211] [6, 6] 

priority: 270
prefix_length: 31 32 0 0 0 
range: [3266998744, 3266998745] [803789034, 803789034] [0, 65535] [1706, 1706] [6, 6] 

priority: 271
prefix_length: 31 32 0 0 0 
range: [3266998744, 3266998745] [3266999374, 3266999374] [0, 65535] [443, 443] [6, 6] 

priority: 272
prefix_length: 31 32 0 0 0 
range: [3266998726, 3266998727] [803789034, 803789034] [0, 65535] [21, 21] [6, 6] 

priority: 273
prefix_length: 31 32 0 0 0 
range: [3266998726, 3266998727] [803789034, 803789034] [0, 65535] [1521, 1521] [6, 6] 

priority: 274
prefix_length: 31 32 0 0 0 
range: [3266998732, 3266998733] [803789034, 803789034] [0, 65535] [1526, 1526] [6, 6] 

priority: 275
prefix_length: 31 32 0 0 0 
range: [3266998732, 3266998733] [2737794976, 2737794976] [0, 65535] [1521, 1521] [6, 6] 

priority: 276
prefix_length: 31 32 0 0 0 
range: [3266998732, 3266998733] [803789034, 803789034] [0, 65535] [1707, 1707] [6, 6] 

priority: 277
prefix_length: 31 32 0 0 0 
range: [3266998732, 3266998733] [803789034, 803789034] [0, 65535] [1521, 1521] [6, 6] 

priority: 278
prefix_length: 31 32 0 0 0 
range: [3266998732, 3266998733] [803789034, 803789034] [0, 65535] [30210, 30210] [6, 6] 

priority: 279
prefix_length: 31 32 0 0 0 
range: [3266998732, 3266998733] [803789034, 803789034] [0, 65535] [5541, 5541] [6, 6] 

priority: 280
prefix_length: 31 32 0 0 0 
range: [1455966010, 1455966011] [803789034, 803789034] [0, 65535] [1521, 1521] [6, 6] 

priority: 281
prefix_length: 31 32 0 0 0 
range: [1431935006, 1431935007] [3905518092, 3905518092] [0, 65535] [1526, 1526] [6, 6] 

priority: 282
prefix_length: 31 32 0 0 0 
range: [1431935006, 1431935007] [4214690560, 4214690560] [0, 65535] [1521, 1521] [6, 6] 

priority: 283
prefix_length: 31 32 0 0 0 
range: [1431935006, 1431935007] [803789034, 803789034] [0, 65535] [1521, 1521] [6, 6] 

priority: 284
prefix_length: 31 32 0 0 0 
range: [1431935006, 1431935007] [4223520945, 4223520945] [0, 65535] [1521, 1521] [6, 6] 

priority: 285
prefix_length: 31 32 0 0 0 
range: [1431935006, 1431935007] [4223520948, 4223520948] [0, 65535] [20, 20] [6, 6] 

priority: 286
prefix_length: 31 32 0 0 0 
range: [1431935006, 1431935007] [803789034, 803789034] [0, 65535] [1526, 1526] [6, 6] 

priority: 287
prefix_length: 31 32 0 0 0 
range: [1431935006, 1431935007] [3448758164, 3448758164] [0, 65535] [5632, 5632] [6, 6] 

priority: 288
prefix_length: 31 32 0 0 0 
range: [1431935006, 1431935007] [3448758164, 3448758164] [0, 65535] [5540, 5540] [6, 6] 

priority: 289
prefix_length: 31 32 0 0 0 
range: [1431935006, 1431935007] [803789034, 803789034] [0, 65535] [30899, 30899] [6, 6] 

priority: 290
prefix_length: 31 32 0 0 0 
range: [1431935006, 1431935007] [3266999374, 3266999374] [0, 65535] [14753, 14753] [6, 6] 

priority: 291
prefix_length: 31 32 0 0 0 
range: [1431935006, 1431935007] [3266999374, 3266999374] [0, 65535] [32200, 32200] [6, 6] 

priority: 292
prefix_length: 31 32 0 0 0 
range: [1431935086, 1431935087] [3266999374, 3266999374] [0, 65535] [1521, 1521] [6, 6] 

priority: 293
prefix_length: 31 32 0 0 0 
range: [1431935086, 1431935087] [3266999374, 3266999374] [0, 65535] [1724, 1724] [6, 6] 

priority: 294
prefix_length: 31 32 0 0 0 
range: [1431935086, 1431935087] [2216304279, 2216304279] [0, 65535] [6000, 6000] [6, 6] 

priority: 295
prefix_length: 31 32 0 0 0 
range: [1431935086, 1431935087] [2216304279, 2216304279] [0, 65535] [1525, 1525] [6, 6] 

priority: 296
prefix_length: 31 32 0 0 0 
range: [1431935086, 1431935087] [2216304279, 2216304279] [0, 65535] [27000, 27000] [6, 6] 

priority: 297
prefix_length: 31 32 0 0 0 
range: [1431935086, 1431935087] [2400612372, 2400612372] [0, 65535] [1521, 1521] [6, 6] 

priority: 298
prefix_length: 31 32 0 0 0 
range: [1431935086, 1431935087] [2400612372, 2400612372] [0, 65535] [6790, 6790] [6, 6] 

priority: 299
prefix_length: 31 32 0 0 0 
range: [1431935086, 1431935087] [2400612373, 2400612373] [0, 65535] [1526, 1526] [6, 6] 

priority: 300
prefix_length: 31 32 0 0 0 
range: [1431935086, 1431935087] [2400612373, 2400612373] [0, 65535] [14753, 14753] [6, 6] 

priority: 301
prefix_length: 31 32 0 0 0 
range: [1431935086, 1431935087] [2775196697, 2775196697] [0, 65535] [135, 135] [6, 6] 

priority: 302
prefix_length: 31 32 0 0 0 
range: [1431935086, 1431935087] [2775104714, 2775104714] [0, 65535] [20, 20] [6, 6] 

priority: 303
prefix_length: 31 32 0 0 0 
range: [1431935086, 1431935087] [2776309219, 2776309219] [0, 65535] [1221, 1221] [6, 6] 

priority: 304
prefix_length: 31 32 0 0 0 
range: [1431935086, 1431935087] [2744239634, 2744239634] [0, 65535] [1433, 1433] [6, 6] 

priority: 305
prefix_length: 31 32 0 0 0 
range: [1431935054, 1431935055] [1431933806, 1431933806] [0, 65535] [1521, 1521] [6, 6] 

priority: 306
prefix_length: 31 32 0 0 0 
range: [1431935054, 1431935055] [2744110259, 2744110259] [0, 65535] [2121, 2121] [6, 6] 

priority: 307
prefix_length: 31 32 0 0 0 
range: [1431935054, 1431935055] [2744110259, 2744110259] [0, 65535] [1433, 1433] [6, 6] 

priority: 308
prefix_length: 31 32 0 0 0 
range: [1431935054, 1431935055] [2744110259, 2744110259] [0, 65535] [1525, 1525] [6, 6] 

priority: 309
prefix_length: 31 32 0 0 0 
range: [1431935054, 1431935055] [2737794976, 2737794976] [0, 65535] [1521, 1521] [6, 6] 

priority: 310
prefix_length: 31 32 0 0 0 
range: [1431935054, 1431935055] [2737794976, 2737794976] [0, 65535] [1724, 1724] [6, 6] 

priority: 311
prefix_length: 31 32 0 0 0 
range: [1431935068, 1431935069] [2737794976, 2737794976] [0, 65535] [1525, 1525] [6, 6] 

priority: 312
prefix_length: 31 32 0 0 0 
range: [1431935068, 1431935069] [2737794976, 2737794976] [0, 65535] [1521, 1521] [6, 6] 

priority: 313
prefix_length: 31 32 0 0 0 
range: [1431935068, 1431935069] [2737794976, 2737794976] [0, 65535] [1433, 1433] [6, 6] 

priority: 314
prefix_length: 31 32 0 0 0 
range: [1431935068, 1431935069] [803789034, 803789034] [0, 65535] [1490, 1490] [6, 6] 

priority: 315
prefix_length: 31 32 0 0 0 
range: [1431935068, 1431935069] [2737794976, 2737794976] [0, 65535] [30211, 30211] [6, 6] 

priority: 316
prefix_length: 31 32 0 0 0 
range: [1431935068, 1431935069] [803789034, 803789034] [0, 65535] [1717, 1717] [6, 6] 

priority: 317
prefix_length: 31 32 0 0 0 
range: [1431935068, 1431935069] [2737794976, 2737794976] [0, 65535] [6000, 6000] [6, 6] 

priority: 318
prefix_length: 31 32 0 0 0 
range: [1431935068, 1431935069] [2737794976, 2737794976] [0, 65535] [1711, 1711] [6, 6] 

priority: 319
prefix_length: 31 32 0 0 0 
range: [1431935068, 1431935069] [2737794976, 2737794976] [0, 65535] [1734, 1734] [6, 6] 

priority: 320
prefix_length: 31 32 0 0 0 
range: [1431935068, 1431935069] [803789034, 803789034] [0, 65535] [1521, 1521] [6, 6] 

priority: 321
prefix_length: 31 32 0 0 0 
range: [1431935068, 1431935069] [2737794976, 2737794976] [0, 65535] [1526, 1526] [6, 6] 

priority: 322
prefix_length: 31 32 0 0 0 
range: [1431935068, 1431935069] [1431933806, 1431933806] [0, 65535] [21, 21] [6, 6] 

priority: 323
prefix_length: 31 32 0 0 0 
range: [1431935068, 1431935069] [2737794976, 2737794976] [0, 65535] [14753, 14753] [6, 6] 

priority: 438
prefix_length: 30 32 0 0 0 
range: [3266998764, 3266998767] [1432120545, 1432120545] [0, 65535] [1490, 1490] [6, 6] 

priority: 439
prefix_length: 30 32 0 0 0 
range: [3266998748, 3266998751] [3448758164, 3448758164] [0, 65535] [21, 21] [6, 6] 

priority: 440
prefix_length: 30 32 0 0 0 
range: [3266998728, 3266998731] [3333254599, 3333254599] [0, 65535] [1521, 1521] [6, 6] 

priority: 441
prefix_length: 30 32 0 0 0 
range: [3266998728, 3266998731] [803789034, 803789034] [0, 65535] [5541, 5541] [6, 6] 

priority: 442
prefix_length: 30 32 0 0 0 
range: [1431935000, 1431935003] [3266999374, 3266999374] [0, 65535] [1433, 1433] [6, 6] 

priority: 443
prefix_length: 30 32 0 0 0 
range: [1431935080, 1431935083] [2400612373, 2400612373] [0, 65535] [1221, 1221] [6, 6] 

priority: 444
prefix_length: 30 32 0 0 0 
range: [1431935080, 1431935083] [803789034, 803789034] [0, 65535] [1526, 1526] [6, 6] 

priority: 445
prefix_length: 30 32 0 0 0 
range: [1431935048, 1431935051] [2744110259, 2744110259] [0, 65535] [1521, 1521] [6, 6] 

priority: 446
prefix_length: 30 32 0 0 0 
range: [1431935064, 1431935067] [2737794976, 2737794976] [0, 65535] [30211, 30211] [6, 6] 

priority: 464
prefix_length: 31 32 0 0 0 
range: [3266998760, 3266998761] [2737794976, 2737794976] [0, 65535] [32200, 32207] [6, 6] 

priority: 474
prefix_length: 31 32 0 0 0 
range: [1431935068, 1431935069] [2737794976, 2737794976] [0, 65535] [61000, 61009] [6, 6] 

priority: 475
prefix_length: 31 32 0 0 0 
range: [1431935068, 1431935069] [2737794976, 2737794976] [0, 65535] [61200, 61209] [6, 6] 

priority: 476
prefix_length: 31 32 0 0 0 
range: [3266998700, 3266998701] [1458994818, 1458994818] [0, 65535] [62500, 62509] [6, 6] 

priority: 477
prefix_length: 31 32 0 0 0 
range: [3266998744, 3266998745] [803789034, 803789034] [0, 65535] [61400, 61409] [6, 6] 

priority: 478
prefix_length: 31 32 0 0 0 
range: [3266998744, 3266998745] [803789034, 803789034] [0, 65535] [61600, 61609] [6, 6] 

priority: 479
prefix_length: 31 32 0 0 0 
range: [1431935006, 1431935007] [3333254249, 3333254249] [0, 65535] [62600, 62609] [6, 6] 

priority: 480
prefix_length: 31 32 0 0 0 
range: [1431935086, 1431935087] [3266999374, 3266999374] [0, 65535] [61200, 61209] [6, 6] 

priority: 481
prefix_length: 31 32 0 0 0 
range: [1431935086, 1431935087] [2775104714, 2775104714] [0, 65535] [62600, 62609] [6, 6] 

priority: 482
prefix_length: 31 32 0 0 0 
range: [1431935054, 1431935055] [1365399121, 1365399121] [0, 65535] [62100, 62109] [6, 6] 

priority: 496
prefix_length: 31 32 0 0 0 
range: [1431935086, 1431935087] [3266999374, 3266999374] [0, 65535] [2200, 2210] [6, 6] 

priority: 516
prefix_length: 30 32 0 0 0 
range: [3266998720, 3266998723] [803789034, 803789034] [0, 65535] [20000, 20010] [6, 6] 

priority: 517
prefix_length: 31 32 0 0 0 
range: [1431935006, 1431935007] [4223520918, 4223520918] [0, 65535] [62200, 62219] [6, 6] 

priority: 518
prefix_length: 31 32 0 0 0 
range: [1431935086, 1431935087] [2400631012, 2400631012] [0, 65535] [61100, 61119] [6, 6] 

priority: 533
prefix_length: 31 32 0 0 0 
range: [3266998760, 3266998761] [803789034, 803789034] [0, 65535] [1600, 1649] [6, 6] 

priority: 534
prefix_length: 31 32 0 0 0 
range: [1431935068, 1431935069] [803789034, 803789034] [0, 65535] [1600, 1649] [6, 6] 

priority: 537
prefix_length: 25 32 0 0 0 
range: [3266998528, 3266998655] [803789034, 803789034] [0, 65535] [1521, 1521] [6, 6] 

priority: 539
prefix_length: 31 32 0 0 0 
range: [1431935054, 1431935055] [803789034, 803789034] [0, 65535] [7500, 7599] [6, 6] 

priority: 540
prefix_length: 30 32 0 0 0 
range: [1431935064, 1431935067] [2737794976, 2737794976] [0, 65535] [1700, 1720] [6, 6] 

priority: 541
prefix_length: 31 32 0 0 0 
range: [1431935068, 1431935069] [803789034, 803789034] [0, 65535] [1300, 1350] [6, 6] 

priority: 546
prefix_length: 31 32 0 0 0 
range: [3266998744, 3266998745] [803789034, 803789034] [0, 65535] [8000, 8100] [6, 6] 

priority: 550
prefix_length: 31 32 0 0 0 
range: [1431935054, 1431935055] [2737794976, 2737794976] [0, 65535] [7500, 7599] [6, 6] 

priority: 551
prefix_length: 24 32 0 0 0 
range: [3266998272, 3266998527] [2737794976, 2737794976] [0, 65535] [1521, 1521] [6, 6] 

priority: 552
prefix_length: 24 32 0 0 0 
range: [1431935232, 1431935487] [803789034, 803789034] [0, 65535] [1704, 1704] [6, 6] 

priority: 553
prefix_length: 24 32 0 0 0 
range: [1431935232, 1431935487] [2400631012, 2400631012] [0, 65535] [5542, 5542] [6, 6] 

priority: 554
prefix_length: 24 32 0 0 0 
range: [1431935232, 1431935487] [2400612372, 2400612372] [0, 65535] [1706, 1706] [6, 6] 

priority: 555
prefix_length: 24 32 0 0 0 
range: [1431935232, 1431935487] [1154477569, 1154477569] [0, 65535] [1521, 1521] [6, 6] 

priority: 556
prefix_length: 24 32 0 0 0 
range: [1431935232, 1431935487] [2744110259, 2744110259] [0, 65535] [2115, 2115] [6, 6] 

priority: 559
prefix_length: 30 32 0 0 0 
range: [1431935000, 1431935003] [1431933806, 1431933806] [0, 65535] [1300, 1399] [17, 17] 

priority: 560
prefix_length: 30 32 0 0 0 
range: [1431935080, 1431935083] [2400612372, 2400612372] [0, 65535] [7500, 7599] [6, 6] 

priority: 561
prefix_length: 30 32 0 0 0 
range: [1431935000, 1431935003] [4221697214, 4221697214] [0, 65535] [8000, 8100] [6, 6] 

priority: 562
prefix_length: 30 32 0 0 0 
range: [1431935064, 1431935067] [2737794976, 2737794976] [0, 65535] [8000, 8100] [6, 6] 

priority: 567
prefix_length: 23 32 0 0 0 
range: [3266998784, 3266999295] [803789034, 803789034] [0, 65535] [1221, 1221] [6, 6] 

priority: 568
prefix_length: 23 32 0 0 0 
range: [3266998784, 3266999295] [803789034, 803789034] [0, 65535] [1521, 1521] [6, 6] 

priority: 569
prefix_length: 23 32 0 0 0 
range: [3266998784, 3266999295] [2737794976, 2737794976] [0, 65535] [1706, 1706] [6, 6] 

priority: 570
prefix_length: 23 32 0 0 0 
range: [3266998784, 3266999295] [803789034, 803789034] [0, 65535] [27400, 27400] [6, 6] 

priority: 571
prefix_length: 23 32 0 0 0 
range: [1431935488, 1431935999] [4223520948, 4223520948] [0, 65535] [32200, 32200] [6, 6] 

priority: 572
prefix_length: 23 32 0 0 0 
range: [1431935488, 1431935999] [2774850601, 2774850601] [0, 65535] [1521, 1521] [6, 6] 

priority: 573
prefix_length: 23 32 0 0 0 
range: [1431935488, 1431935999] [803789034, 803789034] [0, 65535] [30804, 30804] [6, 6] 

priority: 574
prefix_length: 23 32 0 0 0 
range: [1431935488, 1431935999] [2776013037, 2776013037] [0, 65535] [30804, 30804] [6, 6] 

priority: 575
prefix_length: 23 32 0 0 0 
range: [1431935488, 1431935999] [2776013037, 2776013037] [0, 65535] [1521, 1521] [6, 6] 

priority: 576
prefix_length: 23 32 0 0 0 
range: [1431935488, 1431935999] [1431933806, 1431933806] [0, 65535] [2026, 2026] [6, 6] 

priority: 577
prefix_length: 23 32 0 0 0 
range: [1431935488, 1431935999] [2744239649, 2744239649] [0, 65535] [1526, 1526] [6, 6] 

priority: 578
prefix_length: 23 32 0 0 0 
range: [1431935488, 1431935999] [2737794976, 2737794976] [0, 65535] [1711, 1711] [6, 6] 

priority: 579
prefix_length: 23 32 0 0 0 
range: [1431935488, 1431935999] [2737794976, 2737794976] [0, 65535] [1521, 1521] [6, 6] 

priority: 580
prefix_length: 23 32 0 0 0 
range: [1431935488, 1431935999] [2737794976, 2737794976] [0, 65535] [1489, 1489] [6, 6] 

priority: 592
prefix_length: 22 32 0 0 0 
range: [1431934976, 1431935999] [2775721250, 2775721250] [0, 65535] [1521, 1521] [6, 6] 

priority: 602
prefix_length: 22 32 0 0 0 
range: [3266999296, 3267000319] [2737794976, 2737794976] [0, 65535] [14753, 14753] [6, 6] 

priority: 603
prefix_length: 22 32 0 0 0 
range: [3266999296, 3267000319] [2737794976, 2737794976] [0, 65535] [1600, 1600] [6, 6] 

priority: 604
prefix_length: 22 32 0 0 0 
range: [1431934976, 1431935999] [1431933806, 1431933806] [0, 65535] [1711, 1711] [6, 6] 

priority: 605
prefix_length: 22 32 0 0 0 
range: [1431934976, 1431935999] [2737794976, 2737794976] [0, 65535] [21, 21] [6, 6] 

priority: 650
prefix_length: 24 32 0 0 0 
range: [1431935232, 1431935487] [2400612372, 2400612372] [0, 65535] [61100, 61119] [6, 6] 

priority: 651
prefix_length: 24 32 0 0 0 
range: [1431935232, 1431935487] [2744110259, 2744110259] [0, 65535] [62700, 62709] [6, 6] 

priority: 675
prefix_length: 24 32 0 0 0 
range: [1431935232, 1431935487] [3266999374, 3266999374] [0, 65535] [1600, 1650] [6, 6] 

priority: 678
prefix_length: 24 32 0 0 0 
range: [1431935232, 1431935487] [2216304279, 2216304279] [0, 65535] [1300, 1349] [6, 6] 

priority: 715
prefix_length: 31 32 0 0 0 
range: [3266998726, 3266998727] [2737794976, 2737794976] [0, 65535] [1025, 65535] [6, 6] 

priority: 716
prefix_length: 31 32 0 0 0 
range: [1431935068, 1431935069] [2737794976, 2737794976] [0, 65535] [1025, 65535] [6, 6] 

priority: 717
prefix_length: 31 32 0 0 0 
range: [1431935068, 1431935069] [2737794976, 2737794976] [0, 65535] [0, 65535] [6, 6] 

priority: 719
prefix_length: 30 32 0 0 0 
range: [3266998716, 3266998719] [1430536742, 1430536742] [0, 65535] [0, 65535] [6, 6] 

priority: 728
prefix_length: 31 32 0 0 0 
range: [3266998760, 3266998761] [184919027, 184919027] [0, 65535] [0, 65535] [6, 6] 

priority: 729
prefix_length: 31 32 0 0 0 
range: [3266998760, 3266998761] [803789034, 803789034] [0, 65535] [0, 65535] [6, 6] 

priority: 730
prefix_length: 31 32 0 0 0 
range: [3266998732, 3266998733] [803789034, 803789034] [0, 65535] [0, 65535] [6, 6] 

priority: 731
prefix_length: 31 32 0 0 0 
range: [1431935086, 1431935087] [2216304279, 2216304279] [0, 65535] [0, 65535] [6, 6] 

priority: 732
prefix_length: 31 32 0 0 0 
range: [1431935054, 1431935055] [2744843521, 2744843521] [0, 65535] [0, 65535] [6, 6] 

priority: 733
prefix_length: 31 32 0 0 0 
range: [1431935054, 1431935055] [2737794976, 2737794976] [0, 65535] [0, 65535] [6, 6] 

priority: 734
prefix_length: 31 32 0 0 0 
range: [1431935068, 1431935069] [2737794976, 2737794976] [0, 65535] [0, 65535] [1, 1] 

priority: 736
prefix_length: 30 32 0 0 0 
range: [3266998704, 3266998707] [1459058748, 1459058748] [0, 65535] [0, 65535] [6, 6] 

priority: 737
prefix_length: 30 32 0 0 0 
range: [1431935080, 1431935083] [2216304300, 2216304300] [0, 65535] [0, 65535] [6, 6] 

priority: 738
prefix_length: 30 32 0 0 0 
range: [1431935048, 1431935051] [1154326946, 1154326946] [0, 65535] [0, 65535] [6, 6] 

priority: 747
prefix_length: 25 32 0 0 0 
range: [1431935104, 1431935231] [2775243366, 2775243366] [0, 65535] [0, 65535] [6, 6] 

priority: 767
prefix_length: 23 32 0 0 0 
range: [3266998784, 3266999295] [1366310795, 1366310795] [0, 65535] [0, 65535] [6, 6] 

priority: 768
prefix_length: 23 32 0 0 0 
range: [1431935488, 1431935999] [803789034, 803789034] [0, 65535] [0, 65535] [6, 6] 

priority: 782
prefix_length: 24 32 0 0 0 
range: [1431935232, 1431935487] [2774850601, 2774850601] [0, 65535] [0, 65535] [6, 6] 

priority: 789
prefix_length: 31 32 0 0 0 
range: [3266998672, 3266998673] [1533609160, 1533609160] [0, 65535] [0, 65535] [0, 255] 

priority: 790
prefix_length: 31 32 0 0 0 
range: [3266998744, 3266998745] [3266999374, 3266999374] [0, 65535] [0, 65535] [0, 255] 

priority: 791
prefix_length: 31 32 0 0 0 
range: [1431935006, 1431935007] [1154187947, 1154187947] [0, 65535] [0, 65535] [0, 255] 

priority: 792
prefix_length: 31 32 0 0 0 
range: [1431935086, 1431935087] [2776309231, 2776309231] [0, 65535] [0, 65535] [0, 255] 

priority: 793
prefix_length: 31 32 0 0 0 
range: [1431935068, 1431935069] [1154327603, 1154327603] [0, 65535] [0, 65535] [0, 255] 

priority: 794
prefix_length: 23 32 0 0 0 
range: [3266998784, 3266999295] [3333254599, 3333254599] [0, 65535] [0, 65535] [1, 1] 

priority: 795
prefix_length: 23 32 0 0 0 
range: [3266998784, 3266999295] [803789034, 803789034] [0, 65535] [0, 65535] [6, 6] 

priority: 796
prefix_length: 23 32 0 0 0 
range: [3266998784, 3266999295] [2737794976, 2737794976] [0, 65535] [0, 65535] [6, 6] 

priority: 797
prefix_length: 23 32 0 0 0 
range: [3266998784, 3266999295] [3266999374, 3266999374] [0, 65535] [0, 65535] [1, 1] 

priority: 798
prefix_length: 23 32 0 0 0 
range: [1431935488, 1431935999] [803789034, 803789034] [0, 65535] [0, 65535] [6, 6] 

priority: 799
prefix_length: 23 32 0 0 0 
range: [1431935488, 1431935999] [2400612373, 2400612373] [0, 65535] [0, 65535] [6, 6] 

priority: 829
prefix_length: 30 32 0 0 0 
range: [1431935048, 1431935051] [2737794976, 2737794976] [0, 65535] [0, 65535] [0, 255] 

priority: 836
prefix_length: 29 32 0 0 0 
range: [1431934992, 1431934999] [4214668348, 4214668348] [0, 65535] [0, 65535] [0, 255] 

priority: 854
prefix_length: 24 32 0 0 0 
range: [1431935232, 1431935487] [2400612372, 2400612372] [0, 65535] [0, 65535] [0, 255] 

priority: 856
prefix_length: 23 32 0 0 0 
range: [3266998784, 3266999295] [495211333, 495211333] [0, 65535] [0, 65535] [0, 255] 

priority: 857
prefix_length: 23 32 0 0 0 
range: [3266998784, 3266999295] [3499702229, 3499702229] [0, 65535] [0, 65535] [0, 255] 

priority: 858
prefix_length: 23 32 0 0 0 
range: [1431935488, 1431935999] [3448758164, 3448758164] [0, 65535] [0, 65535] [0, 255] 

priority: 859
prefix_length: 23 32 0 0 0 
range: [1431935488, 1431935999] [2776309231, 2776309231] [0, 65535] [0, 65535] [0, 255] 

