priority: 329
prefix_length: 31 31 0 0 0 
range: [3266998672, 3266998673] [1390573326, 1390573327] [0, 65535] [1712, 1712] [6, 6] 

priority: 330
prefix_length: 31 31 0 0 0 
range: [3266998700, 3266998701] [2737794978, 2737794979] [0, 65535] [4646, 4646] [6, 6] 

priority: 331
prefix_length: 31 31 0 0 0 
range: [1431935068, 1431935069] [2737794978, 2737794979] [0, 65535] [1521, 1521] [6, 6] 

priority: 332
prefix_length: 31 31 0 0 0 
range: [1431935068, 1431935069] [1431933804, 1431933805] [0, 65535] [21, 21] [6, 6] 

priority: 395
prefix_length: 31 31 0 0 0 
range: [3266998672, 3266998673] [1534016178, 1534016179] [0, 65535] [1433, 1433] [6, 6] 

priority: 396
prefix_length: 31 31 0 0 0 
range: [3266998760, 3266998761] [184919034, 184919035] [0, 65535] [21, 21] [6, 6] 

priority: 397
prefix_length: 31 31 0 0 0 
range: [3266998760, 3266998761] [185357708, 185357709] [0, 65535] [1550, 1550] [6, 6] 

priority: 398
prefix_length: 31 31 0 0 0 
range: [3266998744, 3266998745] [2737794978, 2737794979] [0, 65535] [6000, 6000] [6, 6] 

priority: 399
prefix_length: 31 31 0 0 0 
range: [3266998744, 3266998745] [803789032, 803789033] [0, 65535] [5541, 5541] [6, 6] 

priority: 400
prefix_length: 31 31 0 0 0 
range: [3266998726, 3266998727] [803789032, 803789033] [0, 65535] [1433, 1433] [6, 6] 

priority: 401
prefix_length: 31 31 0 0 0 
range: [3266998726, 3266998727] [803789032, 803789033] [0, 65535] [5540, 5540] [6, 6] 

priority: 402
prefix_length: 31 31 0 0 0 
range: [3266998726, 3266998727] [803789032, 803789033] [0, 65535] [14753, 14753] [6, 6] 

priority: 403
prefix_length: 31 31 0 0 0 
range: [3266998732, 3266998733] [2737794978, 2737794979] [0, 65535] [1433, 1433] [6, 6] 

priority: 404
prefix_length: 31 31 0 0 0 
range: [3266998732, 3266998733] [803789032, 803789033] [0, 65535] [135, 135] [6, 6] 

priority: 405
prefix_length: 31 31 0 0 0 
range: [3266998732, 3266998733] [803789032, 803789033] [0, 65535] [1221, 1221] [6, 6] 

priority: 406
prefix_length: 31 31 0 0 0 
range: [1431935086, 1431935087] [2400612374, 2400612375] [0, 65535] [1521, 1521] [6, 6] 

priority: 407
prefix_length: 31 31 0 0 0 
range: [1431935086, 1431935087] [803789032, 803789033] [0, 65535] [135, 135] [6, 6] 

priority: 408
prefix_length: 31 31 0 0 0 
range: [1431935086, 1431935087] [2774850602, 2774850603] [0, 65535] [20, 20] [6, 6] 

priority: 409
prefix_length: 31 31 0 0 0 
range: [1431935086, 1431935087] [2774850602, 2774850603] [0, 65535] [1521, 1521] [6, 6] 

priority: 410
prefix_length: 31 31 0 0 0 
range: [1431935086, 1431935087] [2776013028, 2776013029] [0, 65535] [27000, 27000] [6, 6] 

priority: 411
prefix_length: 31 31 0 0 0 
range: [1431935086, 1431935087] [2776013028, 2776013029] [0, 65535] [1733, 1733] [6, 6] 

priority: 412
prefix_length: 31 31 0 0 0 
range: [1431935054, 1431935055] [2737794978, 2737794979] [0, 65535] [1521, 1521] [6, 6] 

priority: 413
prefix_length: 31 31 0 0 0 
range: [1431935068, 1431935069] [803789032, 803789033] [0, 65535] [1521, 1521] [6, 6] 

priority: 414
prefix_length: 31 31 0 0 0 
range: [1431935068, 1431935069] [2737794978, 2737794979] [0, 65535] [32201, 32201] [6, 6] 

priority: 415
prefix_length: 31 31 0 0 0 
range: [1431935068, 1431935069] [2737794978, 2737794979] [0, 65535] [2121, 2121] [6, 6] 

priority: 470
prefix_length: 31 30 0 0 0 
range: [3266998744, 3266998745] [2737794980, 2737794983] [0, 65535] [512, 512] [6, 6] 

priority: 471
prefix_length: 31 30 0 0 0 
range: [3266998732, 3266998733] [803789036, 803789039] [0, 65535] [1526, 1526] [6, 6] 

priority: 473
prefix_length: 30 31 0 0 0 
range: [1431935048, 1431935051] [803789032, 803789033] [0, 65535] [1712, 1712] [6, 6] 

priority: 495
prefix_length: 31 29 0 0 0 
range: [1431935006, 1431935007] [3364527416, 3364527423] [0, 65535] [1706, 1706] [6, 6] 

priority: 564
prefix_length: 24 30 0 0 0 
range: [3266998272, 3266998527] [1534465768, 1534465771] [0, 65535] [21, 21] [6, 6] 

priority: 583
prefix_length: 24 31 0 0 0 
range: [3266998272, 3266998527] [803789032, 803789033] [0, 65535] [32201, 32201] [6, 6] 

priority: 584
prefix_length: 24 31 0 0 0 
range: [1431935232, 1431935487] [3448758166, 3448758167] [0, 65535] [1490, 1490] [6, 6] 

priority: 585
prefix_length: 24 31 0 0 0 
range: [1431935232, 1431935487] [2775104712, 2775104713] [0, 65535] [6790, 6790] [6, 6] 

priority: 586
prefix_length: 24 31 0 0 0 
range: [1431935232, 1431935487] [1431933804, 1431933805] [0, 65535] [5540, 5540] [6, 6] 

priority: 587
prefix_length: 24 31 0 0 0 
range: [1431935232, 1431935487] [2737794978, 2737794979] [0, 65535] [1526, 1526] [6, 6] 

priority: 588
prefix_length: 24 31 0 0 0 
range: [1431935232, 1431935487] [2737794978, 2737794979] [0, 65535] [5540, 5540] [6, 6] 

priority: 589
prefix_length: 24 31 0 0 0 
range: [1431935232, 1431935487] [2737794978, 2737794979] [0, 65535] [6000, 6000] [6, 6] 

priority: 590
prefix_length: 24 31 0 0 0 
range: [1431935232, 1431935487] [1365399122, 1365399123] [0, 65535] [1521, 1521] [6, 6] 

priority: 591
prefix_length: 24 31 0 0 0 
range: [1431935232, 1431935487] [2737794978, 2737794979] [0, 65535] [1521, 1521] [6, 6] 

priority: 593
prefix_length: 31 23 0 0 0 
range: [1431935068, 1431935069] [2737794048, 2737794559] [0, 65535] [1521, 1521] [6, 6] 

priority: 594
prefix_length: 31 23 0 0 0 
range: [3266998670, 3266998671] [1535086592, 1535087103] [0, 65535] [1221, 1221] [6, 6] 

priority: 595
prefix_length: 31 23 0 0 0 
range: [3266998760, 3266998761] [1432120320, 1432120831] [0, 65535] [20, 20] [6, 6] 

priority: 596
prefix_length: 31 23 0 0 0 
range: [3266998760, 3266998761] [185541120, 185541631] [0, 65535] [30210, 30210] [6, 6] 

priority: 597
prefix_length: 31 23 0 0 0 
range: [3266998760, 3266998761] [803789312, 803789823] [0, 65535] [1724, 1724] [6, 6] 

priority: 598
prefix_length: 31 23 0 0 0 
range: [1431935086, 1431935087] [3266999808, 3267000319] [0, 65535] [1708, 1708] [6, 6] 

priority: 599
prefix_length: 31 23 0 0 0 
range: [1431935086, 1431935087] [2216303616, 2216304127] [0, 65535] [21, 21] [6, 6] 

priority: 600
prefix_length: 31 23 0 0 0 
range: [1431935054, 1431935055] [2737794048, 2737794559] [0, 65535] [30899, 30899] [6, 6] 

priority: 601
prefix_length: 31 23 0 0 0 
range: [1431935068, 1431935069] [2737794048, 2737794559] [0, 65535] [1711, 1711] [6, 6] 

priority: 623
prefix_length: 31 22 0 0 0 
range: [3266998744, 3266998745] [803789824, 803790847] [0, 65535] [1521, 1521] [6, 6] 

priority: 624
prefix_length: 31 22 0 0 0 
range: [1431935054, 1431935055] [1431933952, 1431934975] [0, 65535] [1706, 1706] [6, 6] 

priority: 625
prefix_length: 31 22 0 0 0 
range: [1431935068, 1431935069] [1431933952, 1431934975] [0, 65535] [21, 21] [6, 6] 

priority: 626
prefix_length: 24 30 0 0 0 
range: [1431935232, 1431935487] [2776013032, 2776013035] [0, 65535] [21, 21] [6, 6] 

priority: 627
prefix_length: 23 31 0 0 0 
range: [1431935488, 1431935999] [2737794978, 2737794979] [0, 65535] [1521, 1521] [6, 6] 

priority: 628
prefix_length: 30 23 0 0 0 
range: [3266998676, 3266998679] [1534015488, 1534015999] [0, 65535] [1525, 1525] [6, 6] 

priority: 629
prefix_length: 30 23 0 0 0 
range: [1431935000, 1431935003] [1431932928, 1431933439] [0, 65535] [1433, 1433] [6, 6] 

priority: 630
prefix_length: 30 23 0 0 0 
range: [1431935064, 1431935067] [2737794048, 2737794559] [0, 65535] [1526, 1526] [6, 6] 

priority: 635
prefix_length: 31 22 0 0 0 
range: [3266998696, 3266998697] [1458769920, 1458770943] [0, 65535] [5540, 5540] [6, 6] 

priority: 636
prefix_length: 31 22 0 0 0 
range: [3266998696, 3266998697] [1458769920, 1458770943] [0, 65535] [1490, 1490] [6, 6] 

priority: 637
prefix_length: 31 22 0 0 0 
range: [3266998708, 3266998709] [1459058688, 1459059711] [0, 65535] [1433, 1433] [6, 6] 

priority: 638
prefix_length: 31 22 0 0 0 
range: [3266998760, 3266998761] [185541632, 185542655] [0, 65535] [2308, 2308] [6, 6] 

priority: 639
prefix_length: 31 22 0 0 0 
range: [3266998760, 3266998761] [185356288, 185357311] [0, 65535] [1525, 1525] [6, 6] 

priority: 640
prefix_length: 31 22 0 0 0 
range: [3266998760, 3266998761] [185356288, 185357311] [0, 65535] [1705, 1705] [6, 6] 

priority: 641
prefix_length: 31 22 0 0 0 
range: [3266998760, 3266998761] [803789824, 803790847] [0, 65535] [1221, 1221] [6, 6] 

priority: 642
prefix_length: 31 22 0 0 0 
range: [3266998760, 3266998761] [803789824, 803790847] [0, 65535] [1521, 1521] [6, 6] 

priority: 643
prefix_length: 31 22 0 0 0 
range: [3266998744, 3266998745] [803789824, 803790847] [0, 65535] [1521, 1521] [6, 6] 

priority: 644
prefix_length: 31 22 0 0 0 
range: [3266998732, 3266998733] [3266998272, 3266999295] [0, 65535] [1704, 1704] [6, 6] 

priority: 645
prefix_length: 31 22 0 0 0 
range: [3266998732, 3266998733] [803789824, 803790847] [0, 65535] [1704, 1704] [6, 6] 

priority: 646
prefix_length: 31 22 0 0 0 
range: [1431935086, 1431935087] [2216302592, 2216303615] [0, 65535] [2121, 2121] [6, 6] 

priority: 647
prefix_length: 31 22 0 0 0 
range: [1431935086, 1431935087] [2358717440, 2358718463] [0, 65535] [1521, 1521] [6, 6] 

priority: 648
prefix_length: 31 22 0 0 0 
range: [1431935068, 1431935069] [2737793024, 2737794047] [0, 65535] [1706, 1706] [6, 6] 

priority: 649
prefix_length: 31 22 0 0 0 
range: [1431935068, 1431935069] [2737793024, 2737794047] [0, 65535] [5632, 5632] [6, 6] 

priority: 652
prefix_length: 30 22 0 0 0 
range: [3266998664, 3266998667] [1535086592, 1535087615] [0, 65535] [1705, 1705] [6, 6] 

priority: 653
prefix_length: 30 22 0 0 0 
range: [3266998764, 3266998767] [185541632, 185542655] [0, 65535] [2026, 2026] [6, 6] 

priority: 654
prefix_length: 30 22 0 0 0 
range: [3266998720, 3266998723] [3512742912, 3512743935] [0, 65535] [5543, 5543] [6, 6] 

priority: 655
prefix_length: 30 22 0 0 0 
range: [1431935080, 1431935083] [803789824, 803790847] [0, 65535] [2121, 2121] [6, 6] 

priority: 656
prefix_length: 30 22 0 0 0 
range: [1431935048, 1431935051] [2737793024, 2737794047] [0, 65535] [1525, 1525] [6, 6] 

priority: 657
prefix_length: 30 22 0 0 0 
range: [1431935064, 1431935067] [803789824, 803790847] [0, 65535] [2121, 2121] [6, 6] 

priority: 658
prefix_length: 31 21 0 0 0 
range: [3266998672, 3266998673] [1534013440, 1534015487] [0, 65535] [1526, 1526] [6, 6] 

priority: 659
prefix_length: 31 21 0 0 0 
range: [3266998714, 3266998715] [1430536192, 1430538239] [0, 65535] [2051, 2051] [6, 6] 

priority: 660
prefix_length: 31 21 0 0 0 
range: [3266998726, 3266998727] [803786752, 803788799] [0, 65535] [1706, 1706] [6, 6] 

priority: 661
prefix_length: 31 21 0 0 0 
range: [1431935006, 1431935007] [1431934976, 1431937023] [0, 65535] [135, 135] [6, 6] 

priority: 662
prefix_length: 31 21 0 0 0 
range: [1431935006, 1431935007] [3546324992, 3546327039] [0, 65535] [1724, 1724] [6, 6] 

priority: 663
prefix_length: 31 21 0 0 0 
range: [1431935086, 1431935087] [2400614400, 2400616447] [0, 65535] [1705, 1705] [6, 6] 

priority: 664
prefix_length: 29 23 0 0 0 
range: [3266998752, 3266998759] [2737794048, 2737794559] [0, 65535] [31000, 31000] [6, 6] 

priority: 665
prefix_length: 29 23 0 0 0 
range: [1431934992, 1431934999] [4223521280, 4223521791] [0, 65535] [135, 135] [6, 6] 

priority: 666
prefix_length: 29 23 0 0 0 
range: [1431935072, 1431935079] [2776013312, 2776013823] [0, 65535] [1521, 1521] [6, 6] 

priority: 667
prefix_length: 29 23 0 0 0 
range: [1431935040, 1431935047] [803789312, 803789823] [0, 65535] [1521, 1521] [6, 6] 

priority: 668
prefix_length: 23 28 0 0 0 
range: [3266998784, 3266999295] [803789040, 803789055] [0, 65535] [6789, 6789] [6, 6] 

priority: 670
prefix_length: 22 29 0 0 0 
range: [1431934976, 1431935999] [1431933792, 1431933799] [0, 65535] [1221, 1221] [6, 6] 

priority: 671
prefix_length: 22 29 0 0 0 
range: [3266999296, 3267000319] [1535087152, 1535087159] [0, 65535] [7205, 7205] [6, 6] 

priority: 672
prefix_length: 23 28 0 0 0 
range: [1431935488, 1431935999] [3448719344, 3448719359] [0, 65535] [5541, 5541] [6, 6] 

priority: 673
prefix_length: 23 28 0 0 0 
range: [1431935488, 1431935999] [2358716720, 2358716735] [0, 65535] [6789, 6789] [6, 6] 

priority: 674
prefix_length: 23 28 0 0 0 
range: [1431935488, 1431935999] [2358716720, 2358716735] [0, 65535] [14753, 14753] [6, 6] 

priority: 676
prefix_length: 24 27 0 0 0 
range: [1431935232, 1431935487] [3266999392, 3266999423] [0, 65535] [5555, 5555] [6, 6] 

priority: 677
prefix_length: 24 27 0 0 0 
range: [1431935232, 1431935487] [2737794944, 2737794975] [0, 65535] [1521, 1521] [6, 6] 

priority: 679
prefix_length: 22 28 0 0 0 
range: [3266999296, 3267000319] [1390569456, 1390569471] [0, 65535] [1734, 1734] [6, 6] 

priority: 680
prefix_length: 29 21 0 0 0 
range: [1431934992, 1431934999] [4222177280, 4222179327] [0, 65535] [5541, 5541] [6, 6] 

