priority: 193
prefix_length: 32 31 1 0 0 
range: [3266998675, 3266998675] [3266999372, 3266999373] [0, 65535] [1712, 1712] [6, 6] 

priority: 194
prefix_length: 32 31 1 0 0 
range: [3266998763, 3266998763] [185357708, 185357709] [0, 65535] [65500, 65500] [6, 6] 

priority: 195
prefix_length: 32 31 1 0 0 
range: [3266998763, 3266998763] [803789032, 803789033] [0, 65535] [5541, 5541] [6, 6] 

priority: 196
prefix_length: 32 31 1 0 0 
range: [3266998747, 3266998747] [803789032, 803789033] [0, 65535] [5555, 5555] [6, 6] 

priority: 197
prefix_length: 32 31 1 0 0 
range: [3266998725, 3266998725] [803789032, 803789033] [0, 65535] [1525, 1525] [6, 6] 

priority: 198
prefix_length: 32 31 1 0 0 
range: [3266998734, 3266998734] [803789032, 803789033] [0, 65535] [1521, 1521] [6, 6] 

priority: 199
prefix_length: 32 31 1 0 0 
range: [3266998734, 3266998734] [803789032, 803789033] [0, 65535] [2115, 2115] [6, 6] 

priority: 200
prefix_length: 32 31 1 0 0 
range: [3266998734, 3266998734] [3333254596, 3333254597] [0, 65535] [1489, 1489] [6, 6] 

priority: 201
prefix_length: 32 31 1 0 0 
range: [1431935005, 1431935005] [4011120294, 4011120295] [0, 65535] [1526, 1526] [6, 6] 

priority: 202
prefix_length: 32 31 1 0 0 
range: [1431935005, 1431935005] [3266999372, 3266999373] [0, 65535] [1521, 1521] [6, 6] 

priority: 203
prefix_length: 32 31 1 0 0 
range: [1431935084, 1431935084] [1431933804, 1431933805] [0, 65535] [1521, 1521] [6, 6] 

priority: 204
prefix_length: 32 31 1 0 0 
range: [1431935084, 1431935084] [2776013038, 2776013039] [0, 65535] [1712, 1712] [6, 6] 

priority: 205
prefix_length: 32 31 1 0 0 
range: [1431935084, 1431935084] [803789032, 803789033] [0, 65535] [5540, 5540] [6, 6] 

priority: 206
prefix_length: 32 31 1 0 0 
range: [1431935053, 1431935053] [803789032, 803789033] [0, 65535] [32200, 32200] [6, 6] 

priority: 207
prefix_length: 32 31 1 0 0 
range: [1431935070, 1431935070] [803789032, 803789033] [0, 65535] [1433, 1433] [6, 6] 

priority: 208
prefix_length: 32 31 1 0 0 
range: [1431935070, 1431935070] [2737794978, 2737794979] [0, 65535] [1717, 1717] [6, 6] 

priority: 209
prefix_length: 32 31 1 0 0 
range: [1431935070, 1431935070] [2737794978, 2737794979] [0, 65535] [30899, 30899] [6, 6] 

priority: 210
prefix_length: 32 31 1 0 0 
range: [1431935070, 1431935070] [803789032, 803789033] [0, 65535] [1221, 1221] [6, 6] 

priority: 211
prefix_length: 32 31 1 0 0 
range: [1431935070, 1431935070] [2737794978, 2737794979] [0, 65535] [1526, 1526] [6, 6] 

priority: 212
prefix_length: 32 31 1 0 0 
range: [1431935070, 1431935070] [2737794978, 2737794979] [0, 65535] [3745, 3745] [6, 6] 

priority: 324
prefix_length: 32 30 1 0 0 
range: [3266998675, 3266998675] [2737794980, 2737794983] [0, 65535] [1490, 1490] [6, 6] 

priority: 325
prefix_length: 32 30 1 0 0 
range: [3266998763, 3266998763] [2737794980, 2737794983] [0, 65535] [1526, 1526] [6, 6] 

priority: 326
prefix_length: 32 30 1 0 0 
range: [3266998734, 3266998734] [3512744616, 3512744619] [0, 65535] [1521, 1521] [6, 6] 

priority: 327
prefix_length: 32 30 1 0 0 
range: [1431935005, 1431935005] [1367022316, 1367022319] [0, 65535] [1525, 1525] [6, 6] 

priority: 328
prefix_length: 32 30 1 0 0 
range: [1431935053, 1431935053] [2744023816, 2744023819] [0, 65535] [20, 20] [6, 6] 

priority: 333
prefix_length: 32 31 1 0 0 
range: [3266998674, 3266998674] [1455041428, 1455041429] [0, 65535] [20, 20] [6, 6] 

priority: 334
prefix_length: 32 31 1 0 0 
range: [3266998699, 3266998699] [1458770926, 1458770927] [0, 65535] [1521, 1521] [6, 6] 

priority: 335
prefix_length: 32 31 1 0 0 
range: [3266998711, 3266998711] [1459058750, 1459058751] [0, 65535] [5632, 5632] [6, 6] 

priority: 336
prefix_length: 32 31 1 0 0 
range: [3266998711, 3266998711] [1430293508, 1430293509] [0, 65535] [3031, 3031] [6, 6] 

priority: 337
prefix_length: 32 31 1 0 0 
range: [3266998712, 3266998712] [2737794978, 2737794979] [0, 65535] [1521, 1521] [6, 6] 

priority: 338
prefix_length: 32 31 1 0 0 
range: [3266998762, 3266998762] [185540802, 185540803] [0, 65535] [1521, 1521] [6, 6] 

priority: 339
prefix_length: 32 31 1 0 0 
range: [3266998762, 3266998762] [3333254596, 3333254597] [0, 65535] [1221, 1221] [6, 6] 

priority: 340
prefix_length: 32 31 1 0 0 
range: [3266998763, 3266998763] [185357708, 185357709] [0, 65535] [30899, 30899] [6, 6] 

priority: 341
prefix_length: 32 31 1 0 0 
range: [3266998763, 3266998763] [185357708, 185357709] [0, 65535] [1433, 1433] [6, 6] 

priority: 342
prefix_length: 32 31 1 0 0 
range: [3266998763, 3266998763] [185357708, 185357709] [0, 65535] [1705, 1705] [6, 6] 

priority: 343
prefix_length: 32 31 1 0 0 
range: [3266998763, 3266998763] [2737794978, 2737794979] [0, 65535] [5542, 5542] [6, 6] 

priority: 344
prefix_length: 32 31 1 0 0 
range: [3266998746, 3266998746] [803789032, 803789033] [0, 65535] [1711, 1711] [6, 6] 

priority: 345
prefix_length: 32 31 1 0 0 
range: [3266998746, 3266998746] [803789032, 803789033] [0, 65535] [1521, 1521] [6, 6] 

priority: 346
prefix_length: 32 31 1 0 0 
range: [3266998747, 3266998747] [803789032, 803789033] [0, 65535] [1711, 1711] [6, 6] 

priority: 347
prefix_length: 32 31 1 0 0 
range: [3266998747, 3266998747] [803789032, 803789033] [0, 65535] [30211, 30211] [6, 6] 

priority: 348
prefix_length: 32 31 1 0 0 
range: [3266998747, 3266998747] [803789032, 803789033] [0, 65535] [6000, 6000] [6, 6] 

priority: 349
prefix_length: 32 31 1 0 0 
range: [3266998747, 3266998747] [803789032, 803789033] [0, 65535] [1526, 1526] [6, 6] 

priority: 350
prefix_length: 32 31 1 0 0 
range: [3266998747, 3266998747] [803789032, 803789033] [0, 65535] [1521, 1521] [6, 6] 

priority: 351
prefix_length: 32 31 1 0 0 
range: [3266998747, 3266998747] [803789032, 803789033] [0, 65535] [1733, 1733] [6, 6] 

priority: 352
prefix_length: 32 31 1 0 0 
range: [3266998725, 3266998725] [2737794978, 2737794979] [0, 65535] [6789, 6789] [6, 6] 

priority: 353
prefix_length: 32 31 1 0 0 
range: [3266998725, 3266998725] [2737794978, 2737794979] [0, 65535] [19856, 19856] [6, 6] 

priority: 354
prefix_length: 32 31 1 0 0 
range: [3266998725, 3266998725] [3499756946, 3499756947] [0, 65535] [1521, 1521] [6, 6] 

priority: 355
prefix_length: 32 31 1 0 0 
range: [3266998725, 3266998725] [2737794978, 2737794979] [0, 65535] [1221, 1221] [6, 6] 

priority: 356
prefix_length: 32 31 1 0 0 
range: [3266998734, 3266998734] [803789032, 803789033] [0, 65535] [1526, 1526] [6, 6] 

priority: 357
prefix_length: 32 31 1 0 0 
range: [3266998734, 3266998734] [803789032, 803789033] [0, 65535] [6790, 6790] [6, 6] 

priority: 358
prefix_length: 32 31 1 0 0 
range: [3266998734, 3266998734] [3266999372, 3266999373] [0, 65535] [1711, 1711] [6, 6] 

priority: 359
prefix_length: 32 31 1 0 0 
range: [3266998734, 3266998734] [803789032, 803789033] [0, 65535] [1724, 1724] [6, 6] 

priority: 360
prefix_length: 32 31 1 0 0 
range: [3266998734, 3266998734] [2737794978, 2737794979] [0, 65535] [1733, 1733] [6, 6] 

priority: 361
prefix_length: 32 31 1 0 0 
range: [1431935005, 1431935005] [803789032, 803789033] [0, 65535] [1717, 1717] [6, 6] 

priority: 362
prefix_length: 32 31 1 0 0 
range: [1431935005, 1431935005] [4223520946, 4223520947] [0, 65535] [21, 21] [6, 6] 

priority: 363
prefix_length: 32 31 1 0 0 
range: [1431935005, 1431935005] [3542194710, 3542194711] [0, 65535] [6789, 6789] [6, 6] 

priority: 364
prefix_length: 32 31 1 0 0 
range: [1431935005, 1431935005] [3386871062, 3386871063] [0, 65535] [1708, 1708] [6, 6] 

priority: 365
prefix_length: 32 31 1 0 0 
range: [1431935005, 1431935005] [803789032, 803789033] [0, 65535] [1521, 1521] [6, 6] 

priority: 366
prefix_length: 32 31 1 0 0 
range: [1431935005, 1431935005] [3333254250, 3333254251] [0, 65535] [14753, 14753] [6, 6] 

priority: 367
prefix_length: 32 31 1 0 0 
range: [1431935005, 1431935005] [3266999372, 3266999373] [0, 65535] [1521, 1521] [6, 6] 

priority: 368
prefix_length: 32 31 1 0 0 
range: [1431935005, 1431935005] [1431933804, 1431933805] [0, 65535] [1221, 1221] [6, 6] 

priority: 369
prefix_length: 32 31 1 0 0 
range: [1431935084, 1431935084] [3266999372, 3266999373] [0, 65535] [3745, 3745] [6, 6] 

priority: 370
prefix_length: 32 31 1 0 0 
range: [1431935084, 1431935084] [3266999372, 3266999373] [0, 65535] [135, 135] [6, 6] 

priority: 371
prefix_length: 32 31 1 0 0 
range: [1431935084, 1431935084] [3266999372, 3266999373] [0, 65535] [1526, 1526] [6, 6] 

priority: 372
prefix_length: 32 31 1 0 0 
range: [1431935084, 1431935084] [3266999372, 3266999373] [0, 65535] [21, 21] [6, 6] 

priority: 373
prefix_length: 32 31 1 0 0 
range: [1431935084, 1431935084] [803789032, 803789033] [0, 65535] [1433, 1433] [6, 6] 

priority: 374
prefix_length: 32 31 1 0 0 
range: [1431935084, 1431935084] [2216304276, 2216304277] [0, 65535] [6000, 6000] [6, 6] 

priority: 375
prefix_length: 32 31 1 0 0 
range: [1431935084, 1431935084] [803789032, 803789033] [0, 65535] [3031, 3031] [6, 6] 

priority: 376
prefix_length: 32 31 1 0 0 
range: [1431935084, 1431935084] [803789032, 803789033] [0, 65535] [1733, 1733] [6, 6] 

priority: 377
prefix_length: 32 31 1 0 0 
range: [1431935084, 1431935084] [803789032, 803789033] [0, 65535] [21, 21] [6, 6] 

priority: 378
prefix_length: 32 31 1 0 0 
range: [1431935084, 1431935084] [2745003382, 2745003383] [0, 65535] [1521, 1521] [6, 6] 

priority: 379
prefix_length: 32 31 1 0 0 
range: [1431935053, 1431935053] [2744110256, 2744110257] [0, 65535] [5541, 5541] [6, 6] 

priority: 380
prefix_length: 32 31 1 0 0 
range: [1431935053, 1431935053] [2744110256, 2744110257] [0, 65535] [1601, 1601] [6, 6] 

priority: 381
prefix_length: 32 31 1 0 0 
range: [1431935053, 1431935053] [2737794978, 2737794979] [0, 65535] [1708, 1708] [6, 6] 

priority: 382
prefix_length: 32 31 1 0 0 
range: [1431935053, 1431935053] [1431933804, 1431933805] [0, 65535] [32201, 32201] [6, 6] 

priority: 383
prefix_length: 32 31 1 0 0 
range: [1431935053, 1431935053] [2737794978, 2737794979] [0, 65535] [2121, 2121] [6, 6] 

priority: 384
prefix_length: 32 31 1 0 0 
range: [1431935053, 1431935053] [2737794978, 2737794979] [0, 65535] [1540, 1540] [6, 6] 

priority: 385
prefix_length: 32 31 1 0 0 
range: [1431935070, 1431935070] [2737794978, 2737794979] [0, 65535] [1433, 1433] [6, 6] 

priority: 386
prefix_length: 32 31 1 0 0 
range: [1431935070, 1431935070] [2737794978, 2737794979] [0, 65535] [1221, 1221] [6, 6] 

priority: 387
prefix_length: 32 31 1 0 0 
range: [1431935070, 1431935070] [2737794978, 2737794979] [0, 65535] [27000, 27000] [6, 6] 

priority: 388
prefix_length: 32 31 1 0 0 
range: [1431935070, 1431935070] [2737794978, 2737794979] [0, 65535] [6000, 6000] [6, 6] 

priority: 389
prefix_length: 32 31 1 0 0 
range: [1431935070, 1431935070] [2737794978, 2737794979] [0, 65535] [5632, 5632] [6, 6] 

priority: 390
prefix_length: 32 31 1 0 0 
range: [1431935070, 1431935070] [2737794978, 2737794979] [0, 65535] [1708, 1708] [6, 6] 

priority: 391
prefix_length: 32 31 1 0 0 
range: [1431935070, 1431935070] [2737794978, 2737794979] [0, 65535] [1489, 1489] [6, 6] 

priority: 416
prefix_length: 32 30 1 0 0 
range: [3266998702, 3266998702] [1458770920, 1458770923] [0, 65535] [1221, 1221] [6, 6] 

priority: 417
prefix_length: 32 30 1 0 0 
range: [3266998712, 3266998712] [1430536736, 1430536739] [0, 65535] [1724, 1724] [6, 6] 

priority: 418
prefix_length: 32 30 1 0 0 
range: [3266998762, 3266998762] [184919028, 184919031] [0, 65535] [20, 20] [6, 6] 

priority: 419
prefix_length: 32 30 1 0 0 
range: [3266998763, 3266998763] [803789036, 803789039] [0, 65535] [1708, 1708] [6, 6] 

priority: 420
prefix_length: 32 30 1 0 0 
range: [3266998725, 3266998725] [803789036, 803789039] [0, 65535] [135, 135] [6, 6] 

priority: 421
prefix_length: 32 30 1 0 0 
range: [3266998725, 3266998725] [803789036, 803789039] [0, 65535] [1712, 1712] [6, 6] 

priority: 422
prefix_length: 32 30 1 0 0 
range: [3266998725, 3266998725] [3266999368, 3266999371] [0, 65535] [5540, 5540] [6, 6] 

priority: 423
prefix_length: 32 30 1 0 0 
range: [3266998725, 3266998725] [803789036, 803789039] [0, 65535] [6000, 6000] [6, 6] 

priority: 424
prefix_length: 32 30 1 0 0 
range: [1431935005, 1431935005] [4214607528, 4214607531] [0, 65535] [1733, 1733] [6, 6] 

priority: 425
prefix_length: 32 30 1 0 0 
range: [1431935005, 1431935005] [4226764688, 4226764691] [0, 65535] [512, 512] [6, 6] 

priority: 426
prefix_length: 32 30 1 0 0 
range: [1431935005, 1431935005] [803789036, 803789039] [0, 65535] [1221, 1221] [6, 6] 

priority: 427
prefix_length: 32 30 1 0 0 
range: [1431935005, 1431935005] [3591387488, 3591387491] [0, 65535] [3031, 3031] [6, 6] 

priority: 428
prefix_length: 32 30 1 0 0 
range: [1431935005, 1431935005] [3448758160, 3448758163] [0, 65535] [1433, 1433] [6, 6] 

priority: 429
prefix_length: 32 30 1 0 0 
range: [1431935005, 1431935005] [803789036, 803789039] [0, 65535] [135, 135] [6, 6] 

priority: 430
prefix_length: 32 30 1 0 0 
range: [1431935084, 1431935084] [2358716708, 2358716711] [0, 65535] [1521, 1521] [6, 6] 

priority: 431
prefix_length: 32 30 1 0 0 
range: [1431935084, 1431935084] [2400612368, 2400612371] [0, 65535] [5632, 5632] [6, 6] 

priority: 432
prefix_length: 32 30 1 0 0 
range: [1431935084, 1431935084] [2745003376, 2745003379] [0, 65535] [5543, 5543] [6, 6] 

priority: 433
prefix_length: 32 30 1 0 0 
range: [1431935053, 1431935053] [2744110260, 2744110263] [0, 65535] [5631, 5631] [6, 6] 

priority: 434
prefix_length: 32 30 1 0 0 
range: [1431935070, 1431935070] [2737794980, 2737794983] [0, 65535] [1526, 1526] [6, 6] 

priority: 435
prefix_length: 32 30 1 0 0 
range: [1431935070, 1431935070] [2737794980, 2737794983] [0, 65535] [1221, 1221] [6, 6] 

priority: 436
prefix_length: 32 30 1 0 0 
range: [1431935070, 1431935070] [2737794980, 2737794983] [0, 65535] [1724, 1724] [6, 6] 

priority: 437
prefix_length: 32 30 1 0 0 
range: [1431935070, 1431935070] [1431933800, 1431933803] [0, 65535] [1525, 1525] [6, 6] 

priority: 472
prefix_length: 32 31 1 1 0 
range: [1431935084, 1431935084] [2400612374, 2400612375] [0, 65535] [62100, 62109] [6, 6] 

priority: 486
prefix_length: 32 31 1 1 0 
range: [3266998763, 3266998763] [803789032, 803789033] [0, 65535] [61200, 61209] [6, 6] 

priority: 487
prefix_length: 32 31 1 1 0 
range: [3266998734, 3266998734] [803789032, 803789033] [0, 65535] [61000, 61009] [6, 6] 

priority: 488
prefix_length: 32 31 1 1 0 
range: [1431935005, 1431935005] [4214607426, 4214607427] [0, 65535] [62000, 62009] [6, 6] 

priority: 489
prefix_length: 32 31 1 1 0 
range: [1431935084, 1431935084] [803789032, 803789033] [0, 65535] [61500, 61509] [6, 6] 

priority: 490
prefix_length: 32 31 1 1 0 
range: [1431935053, 1431935053] [2737794978, 2737794979] [0, 65535] [62100, 62109] [6, 6] 

priority: 491
prefix_length: 32 31 1 1 0 
range: [1431935070, 1431935070] [2737794978, 2737794979] [0, 65535] [62400, 62409] [6, 6] 

priority: 492
prefix_length: 32 31 1 1 0 
range: [1431935070, 1431935070] [2737794978, 2737794979] [0, 65535] [62600, 62609] [6, 6] 

priority: 493
prefix_length: 32 31 1 1 0 
range: [1431935070, 1431935070] [2737794978, 2737794979] [0, 65535] [61700, 61709] [6, 6] 

priority: 497
prefix_length: 32 31 1 1 0 
range: [1431935084, 1431935084] [2400612374, 2400612375] [0, 65535] [2200, 2210] [6, 6] 

priority: 505
prefix_length: 32 30 1 1 0 
range: [3266998762, 3266998762] [184919028, 184919031] [0, 65535] [2200, 2210] [6, 6] 

priority: 506
prefix_length: 32 30 1 1 0 
range: [3266998763, 3266998763] [185357704, 185357707] [0, 65535] [20000, 20010] [6, 6] 

priority: 507
prefix_length: 32 31 1 1 0 
range: [3266998763, 3266998763] [185357708, 185357709] [0, 65535] [1300, 1349] [6, 6] 

priority: 508
prefix_length: 32 31 1 1 0 
range: [1431935005, 1431935005] [3635380602, 3635380603] [0, 65535] [1300, 1349] [6, 6] 

priority: 514
prefix_length: 32 31 1 1 0 
range: [3266998747, 3266998747] [803789032, 803789033] [0, 65535] [61100, 61119] [6, 6] 

priority: 515
prefix_length: 32 31 1 1 0 
range: [1431935053, 1431935053] [2737794978, 2737794979] [0, 65535] [61100, 61119] [6, 6] 

priority: 519
prefix_length: 32 30 1 1 0 
range: [1431935005, 1431935005] [3266999368, 3266999371] [0, 65535] [62000, 62009] [6, 6] 

priority: 520
prefix_length: 32 30 1 1 0 
range: [1431935053, 1431935053] [2744023920, 2744023923] [0, 65535] [61700, 61709] [6, 6] 

priority: 522
prefix_length: 32 30 1 1 0 
range: [1431935084, 1431935084] [2748571488, 2748571491] [0, 65535] [61100, 61119] [6, 6] 

priority: 525
prefix_length: 32 31 1 1 0 
range: [3266998674, 3266998674] [1390569248, 1390569249] [0, 65535] [8000, 8100] [6, 6] 

priority: 529
prefix_length: 32 31 1 1 0 
range: [3266998762, 3266998762] [184919024, 184919025] [0, 65535] [1300, 1350] [6, 6] 

priority: 536
prefix_length: 32 30 1 1 0 
range: [3266998734, 3266998734] [803789036, 803789039] [0, 65535] [1700, 1720] [6, 6] 

priority: 542
prefix_length: 32 31 1 1 0 
range: [1431935070, 1431935070] [2737794978, 2737794979] [0, 65535] [1600, 1649] [6, 6] 

priority: 543
prefix_length: 32 31 1 1 0 
range: [1431935070, 1431935070] [2737794978, 2737794979] [0, 65535] [1300, 1349] [6, 6] 

priority: 544
prefix_length: 32 31 1 1 0 
range: [3266998763, 3266998763] [185357708, 185357709] [0, 65535] [1300, 1399] [6, 6] 

priority: 545
prefix_length: 32 30 1 1 0 
range: [3266998763, 3266998763] [803789036, 803789039] [0, 65535] [1300, 1350] [6, 6] 

priority: 547
prefix_length: 32 24 1 0 0 
range: [3266998725, 3266998725] [3266999552, 3266999807] [0, 65535] [443, 443] [6, 6] 

priority: 557
prefix_length: 32 24 1 0 0 
range: [3266998725, 3266998725] [803789056, 803789311] [0, 65535] [5631, 5631] [6, 6] 

priority: 558
prefix_length: 32 24 1 0 0 
range: [1431935084, 1431935084] [2358716416, 2358716671] [0, 65535] [1521, 1521] [6, 6] 

priority: 565
prefix_length: 32 22 1 0 0 
range: [3266998762, 3266998762] [184919040, 184920063] [0, 65535] [5632, 5632] [6, 6] 

priority: 566
prefix_length: 32 22 1 0 0 
range: [3266998734, 3266998734] [803789824, 803790847] [0, 65535] [5632, 5632] [6, 6] 

priority: 581
prefix_length: 32 23 1 0 0 
range: [3266998734, 3266998734] [803789312, 803789823] [0, 65535] [1521, 1521] [6, 6] 

priority: 606
prefix_length: 32 22 1 0 0 
range: [3266998763, 3266998763] [185356288, 185357311] [0, 65535] [1650, 1650] [6, 6] 

priority: 607
prefix_length: 32 22 1 0 0 
range: [3266998763, 3266998763] [2737793024, 2737794047] [0, 65535] [15126, 15126] [6, 6] 

priority: 608
prefix_length: 32 22 1 0 0 
range: [3266998725, 3266998725] [803789824, 803790847] [0, 65535] [30804, 30804] [6, 6] 

priority: 609
prefix_length: 32 22 1 0 0 
range: [3266998734, 3266998734] [2737793024, 2737794047] [0, 65535] [80, 80] [6, 6] 

priority: 610
prefix_length: 32 22 1 0 0 
range: [1431935005, 1431935005] [4222178304, 4222179327] [0, 65535] [1526, 1526] [6, 6] 

priority: 611
prefix_length: 32 22 1 0 0 
range: [1431935005, 1431935005] [3448756224, 3448757247] [0, 65535] [5540, 5540] [6, 6] 

priority: 612
prefix_length: 32 22 1 0 0 
range: [1431935005, 1431935005] [3448756224, 3448757247] [0, 65535] [1521, 1521] [6, 6] 

priority: 613
prefix_length: 32 22 1 0 0 
range: [1431935084, 1431935084] [3266998272, 3266999295] [0, 65535] [5540, 5540] [6, 6] 

priority: 614
prefix_length: 32 22 1 0 0 
range: [1431935084, 1431935084] [3266998272, 3266999295] [0, 65535] [20, 20] [6, 6] 

priority: 615
prefix_length: 32 22 1 0 0 
range: [1431935084, 1431935084] [2400613376, 2400614399] [0, 65535] [5541, 5541] [6, 6] 

priority: 616
prefix_length: 32 22 1 0 0 
range: [1431935084, 1431935084] [803789824, 803790847] [0, 65535] [1550, 1550] [6, 6] 

priority: 617
prefix_length: 32 22 1 0 0 
range: [1431935053, 1431935053] [2744842240, 2744843263] [0, 65535] [6000, 6000] [6, 6] 

priority: 618
prefix_length: 32 22 1 0 0 
range: [1431935053, 1431935053] [2737793024, 2737794047] [0, 65535] [32201, 32201] [6, 6] 

priority: 619
prefix_length: 32 22 1 0 0 
range: [1431935053, 1431935053] [2737793024, 2737794047] [0, 65535] [1525, 1525] [6, 6] 

priority: 620
prefix_length: 32 22 1 0 0 
range: [1431935070, 1431935070] [2737793024, 2737794047] [0, 65535] [5555, 5555] [6, 6] 

priority: 621
prefix_length: 32 22 1 0 0 
range: [1431935070, 1431935070] [2737793024, 2737794047] [0, 65535] [1521, 1521] [6, 6] 

priority: 622
prefix_length: 32 22 1 0 0 
range: [1431935070, 1431935070] [2737793024, 2737794047] [0, 65535] [1526, 1526] [6, 6] 

priority: 631
prefix_length: 32 21 1 0 0 
range: [3266998674, 3266998674] [1534013440, 1534015487] [0, 65535] [32201, 32201] [6, 6] 

priority: 632
prefix_length: 32 21 1 0 0 
range: [3266998734, 3266998734] [803786752, 803788799] [0, 65535] [1706, 1706] [6, 6] 

priority: 633
prefix_length: 32 21 1 0 0 
range: [1431935005, 1431935005] [4222177280, 4222179327] [0, 65535] [1724, 1724] [6, 6] 

priority: 634
prefix_length: 32 21 1 0 0 
range: [1431935084, 1431935084] [803786752, 803788799] [0, 65535] [1734, 1734] [6, 6] 

priority: 720
prefix_length: 32 31 1 1 0 
range: [3266998712, 3266998712] [1430537152, 1430537153] [0, 65535] [0, 65535] [6, 6] 

priority: 721
prefix_length: 32 31 1 1 0 
range: [3266998746, 3266998746] [803789032, 803789033] [0, 65535] [0, 65535] [6, 6] 

priority: 722
prefix_length: 32 31 1 1 0 
range: [3266998734, 3266998734] [803789032, 803789033] [0, 65535] [0, 65535] [6, 6] 

priority: 723
prefix_length: 32 31 1 1 0 
range: [1431935005, 1431935005] [3448758166, 3448758167] [0, 65535] [0, 65535] [6, 6] 

priority: 724
prefix_length: 32 31 1 1 0 
range: [1431935084, 1431935084] [3266999372, 3266999373] [0, 65535] [0, 65535] [6, 6] 

priority: 725
prefix_length: 32 31 1 1 0 
range: [1431935070, 1431935070] [803789032, 803789033] [0, 65535] [0, 65535] [1, 1] 

priority: 726
prefix_length: 32 31 1 1 0 
range: [1431935070, 1431935070] [2737794978, 2737794979] [0, 65535] [0, 65535] [6, 6] 

priority: 742
prefix_length: 32 30 1 1 0 
range: [1431935084, 1431935084] [2775721252, 2775721255] [0, 65535] [0, 65535] [6, 6] 

priority: 746
prefix_length: 32 26 1 1 0 
range: [3266998669, 3266998669] [1533609152, 1533609215] [0, 65535] [0, 65535] [1, 1] 

priority: 749
prefix_length: 32 25 1 1 0 
range: [1431935005, 1431935005] [3266999424, 3266999551] [0, 65535] [0, 65535] [1, 1] 

priority: 750
prefix_length: 32 25 1 1 0 
range: [1431935084, 1431935084] [3266999424, 3266999551] [0, 65535] [0, 65535] [1, 1] 

priority: 751
prefix_length: 32 25 1 1 0 
range: [1431935070, 1431935070] [2737794816, 2737794943] [0, 65535] [0, 65535] [6, 6] 

priority: 752
prefix_length: 32 24 1 1 0 
range: [1431935084, 1431935084] [2400612608, 2400612863] [0, 65535] [0, 65535] [6, 6] 

priority: 753
prefix_length: 32 24 1 1 0 
range: [1431935053, 1431935053] [2744110336, 2744110591] [0, 65535] [0, 65535] [6, 6] 

priority: 754
prefix_length: 32 24 1 1 0 
range: [1431935070, 1431935070] [2737794560, 2737794815] [0, 65535] [0, 65535] [6, 6] 

priority: 769
prefix_length: 32 24 1 1 0 
range: [3266998703, 3266998703] [1459058944, 1459059199] [0, 65535] [0, 65535] [6, 6] 

priority: 770
prefix_length: 32 24 1 1 0 
range: [3266998762, 3266998762] [2737794560, 2737794815] [0, 65535] [0, 65535] [6, 6] 

priority: 771
prefix_length: 32 24 1 1 0 
range: [3266998725, 3266998725] [2737794560, 2737794815] [0, 65535] [0, 65535] [6, 6] 

priority: 772
prefix_length: 32 24 1 1 0 
range: [1431935053, 1431935053] [2737794560, 2737794815] [0, 65535] [0, 65535] [6, 6] 

priority: 773
prefix_length: 32 24 1 1 0 
range: [1431935070, 1431935070] [2737794560, 2737794815] [0, 65535] [0, 65535] [1, 1] 

priority: 774
prefix_length: 32 24 1 1 0 
range: [1431935070, 1431935070] [2737794560, 2737794815] [0, 65535] [0, 65535] [6, 6] 

priority: 775
prefix_length: 32 23 1 1 0 
range: [3266998762, 3266998762] [184918016, 184918527] [0, 65535] [0, 65535] [6, 6] 

priority: 776
prefix_length: 32 23 1 1 0 
range: [1431935084, 1431935084] [2358716928, 2358717439] [0, 65535] [0, 65535] [6, 6] 

priority: 800
prefix_length: 32 23 1 1 0 
range: [3266998703, 3266998703] [1459056128, 1459056639] [0, 65535] [0, 65535] [6, 6] 

priority: 801
prefix_length: 32 23 1 1 0 
range: [3266998734, 3266998734] [3266999808, 3267000319] [0, 65535] [0, 65535] [6, 6] 

priority: 802
prefix_length: 32 23 1 1 0 
range: [1431935070, 1431935070] [2737794048, 2737794559] [0, 65535] [0, 65535] [6, 6] 

priority: 804
prefix_length: 32 31 1 1 1 
range: [1431935005, 1431935005] [803789032, 803789033] [0, 65535] [0, 65535] [0, 255] 

priority: 805
prefix_length: 32 31 1 1 1 
range: [1431935005, 1431935005] [3266999372, 3266999373] [0, 65535] [0, 65535] [0, 255] 

priority: 806
prefix_length: 32 31 1 1 1 
range: [1431935084, 1431935084] [2400612374, 2400612375] [0, 65535] [0, 65535] [0, 255] 

priority: 808
prefix_length: 32 22 1 1 0 
range: [3266998669, 3266998669] [1534544896, 1534545919] [0, 65535] [0, 65535] [6, 6] 

priority: 809
prefix_length: 32 22 1 1 0 
range: [3266998763, 3266998763] [803789824, 803790847] [0, 65535] [0, 65535] [6, 6] 

priority: 810
prefix_length: 32 22 1 1 0 
range: [3266998763, 3266998763] [2737793024, 2737794047] [0, 65535] [0, 65535] [6, 6] 

priority: 811
prefix_length: 32 22 1 1 0 
range: [3266998763, 3266998763] [3266998272, 3266999295] [0, 65535] [0, 65535] [6, 6] 

priority: 812
prefix_length: 32 22 1 1 0 
range: [3266998746, 3266998746] [803789824, 803790847] [0, 65535] [0, 65535] [1, 1] 

priority: 813
prefix_length: 32 22 1 1 0 
range: [3266998746, 3266998746] [2737793024, 2737794047] [0, 65535] [0, 65535] [6, 6] 

priority: 814
prefix_length: 32 22 1 1 0 
range: [3266998725, 3266998725] [2737793024, 2737794047] [0, 65535] [0, 65535] [6, 6] 

priority: 815
prefix_length: 32 22 1 1 0 
range: [3266998734, 3266998734] [2737793024, 2737794047] [0, 65535] [0, 65535] [6, 6] 

priority: 816
prefix_length: 32 22 1 1 0 
range: [3266998734, 3266998734] [803789824, 803790847] [0, 65535] [0, 65535] [6, 6] 

priority: 817
prefix_length: 32 22 1 1 0 
range: [1431935005, 1431935005] [3448756224, 3448757247] [0, 65535] [0, 65535] [6, 6] 

priority: 818
prefix_length: 32 22 1 1 0 
range: [1431935084, 1431935084] [1365398528, 1365399551] [0, 65535] [0, 65535] [6, 6] 

priority: 819
prefix_length: 32 22 1 1 0 
range: [1431935084, 1431935084] [803789824, 803790847] [0, 65535] [0, 65535] [6, 6] 

priority: 826
prefix_length: 32 21 1 1 0 
range: [1431935084, 1431935084] [3267000320, 3267002367] [0, 65535] [0, 65535] [6, 6] 

priority: 832
prefix_length: 32 21 1 1 0 
range: [3266998763, 3266998763] [2737790976, 2737793023] [0, 65535] [0, 65535] [6, 6] 

priority: 833
prefix_length: 32 21 1 1 0 
range: [3266998763, 3266998763] [803786752, 803788799] [0, 65535] [0, 65535] [6, 6] 

priority: 837
prefix_length: 32 20 1 1 0 
range: [3266998712, 3266998712] [2737795072, 2737799167] [0, 65535] [0, 65535] [1, 1] 

priority: 841
prefix_length: 32 26 1 1 1 
range: [3266998762, 3266998762] [2737795008, 2737795071] [0, 65535] [0, 65535] [0, 255] 

priority: 842
prefix_length: 32 26 1 1 1 
range: [1431935070, 1431935070] [2737795008, 2737795071] [0, 65535] [0, 65535] [0, 255] 

priority: 846
prefix_length: 32 25 1 1 1 
range: [3266998725, 3266998725] [3512738048, 3512738175] [0, 65535] [0, 65535] [0, 255] 

priority: 847
prefix_length: 32 25 1 1 1 
range: [1431935084, 1431935084] [2358716800, 2358716927] [0, 65535] [0, 65535] [0, 255] 

priority: 849
prefix_length: 32 24 1 1 1 
range: [3266998763, 3266998763] [185357312, 185357567] [0, 65535] [0, 65535] [0, 255] 

priority: 850
prefix_length: 32 24 1 1 1 
range: [3266998763, 3266998763] [2737794560, 2737794815] [0, 65535] [0, 65535] [0, 255] 

priority: 851
prefix_length: 32 24 1 1 1 
range: [1431935053, 1431935053] [803789056, 803789311] [0, 65535] [0, 65535] [0, 255] 

priority: 852
prefix_length: 32 24 1 1 1 
range: [1431935053, 1431935053] [2744023552, 2744023807] [0, 65535] [0, 65535] [0, 255] 

priority: 853
prefix_length: 32 24 1 1 1 
range: [1431935070, 1431935070] [2737794560, 2737794815] [0, 65535] [0, 65535] [0, 255] 

priority: 861
prefix_length: 32 23 1 1 1 
range: [1431935070, 1431935070] [2737794048, 2737794559] [0, 65535] [0, 65535] [0, 255] 

priority: 863
prefix_length: 32 22 1 1 1 
range: [3266998762, 3266998762] [3266998272, 3266999295] [0, 65535] [0, 65535] [0, 255] 

priority: 864
prefix_length: 32 22 1 1 1 
range: [3266998763, 3266998763] [803789824, 803790847] [0, 65535] [0, 65535] [0, 255] 

priority: 865
prefix_length: 32 22 1 1 1 
range: [3266998747, 3266998747] [803789824, 803790847] [0, 65535] [0, 65535] [0, 255] 

priority: 866
prefix_length: 32 22 1 1 1 
range: [1431935084, 1431935084] [2776013824, 2776014847] [0, 65535] [0, 65535] [0, 255] 

priority: 867
prefix_length: 32 22 1 1 1 
range: [1431935053, 1431935053] [2744024064, 2744025087] [0, 65535] [0, 65535] [0, 255] 

priority: 868
prefix_length: 32 22 1 1 1 
range: [1431935053, 1431935053] [2744109056, 2744110079] [0, 65535] [0, 65535] [0, 255] 

priority: 869
prefix_length: 32 22 1 1 1 
range: [1431935053, 1431935053] [2737793024, 2737794047] [0, 65535] [0, 65535] [0, 255] 

priority: 870
prefix_length: 32 22 1 1 1 
range: [1431935070, 1431935070] [2737793024, 2737794047] [0, 65535] [0, 65535] [0, 255] 

