rule numbers: 953
sIp_prefixLength, dIp_prefixLength, port isRange? 0-> not range [src, dst]: rule.priority

rule5V_arr[0][0][1][1]: 938 939 941 945 946 948 951 953 
==========================
=== number of elements: ===
8
=== Ratio: ===
0.00839454
==========================

rule5V_arr[1][1][1][1]: 943 944 952 
==========================
=== number of elements: ===
3
=== Ratio: ===
0.00314795
==========================

rule5V_arr[2][2][1][1]: 947 
==========================
=== number of elements: ===
1
=== Ratio: ===
0.00104932
==========================

rule5V_arr[7][7][1][1]: 950 
==========================
=== number of elements: ===
1
=== Ratio: ===
0.00104932
==========================

rule5V_arr[8][8][1][1]: 942 949 
==========================
=== number of elements: ===
2
=== Ratio: ===
0.00209864
==========================

rule5V_arr[9][9][1][1]: 940 
==========================
=== number of elements: ===
1
=== Ratio: ===
0.00104932
==========================

rule5V_arr[22][22][1][0]: 592 602 603 604 605 670 671 679 
==========================
=== number of elements: ===
8
=== Ratio: ===
0.00839454
==========================

rule5V_arr[22][22][1][1]: 848 897 898 899 911 912 922 923 925 928 929 931 932 
==========================
=== number of elements: ===
13
=== Ratio: ===
0.0136411
==========================

rule5V_arr[23][23][1][0]: 567 568 569 570 571 572 573 574 575 576 577 578 579 580 627 668 672 673 674 
==========================
=== number of elements: ===
19
=== Ratio: ===
0.019937
==========================

rule5V_arr[23][23][1][1]: 669 767 768 794 795 796 797 798 799 807 827 828 856 857 858 859 886 887 888 889 890 891 892 893 894 895 896 900 901 902 903 904 905 906 907 908 913 914 916 917 918 921 926 930 933 934 937 
==========================
=== number of elements: ===
47
=== Ratio: ===
0.0493179
==========================

rule5V_arr[24][24][1][0]: 551 552 553 554 555 556 564 583 584 585 586 587 588 589 590 591 626 676 677 
==========================
=== number of elements: ===
19
=== Ratio: ===
0.019937
==========================

rule5V_arr[24][24][1][1]: 650 651 675 678 779 780 781 782 784 785 786 787 840 843 845 854 862 880 881 882 883 884 885 909 910 915 919 920 924 927 935 936 
==========================
=== number of elements: ===
32
=== Ratio: ===
0.0335782
==========================

rule5V_arr[25][25][1][0]: 537 
==========================
=== number of elements: ===
1
=== Ratio: ===
0.00104932
==========================

rule5V_arr[25][25][1][1]: 747 778 
==========================
=== number of elements: ===
2
=== Ratio: ===
0.00209864
==========================

rule5V_arr[28][28][1][1]: 879 
==========================
=== number of elements: ===
1
=== Ratio: ===
0.00104932
==========================

rule5V_arr[29][29][1][0]: 664 665 666 667 680 
==========================
=== number of elements: ===
5
=== Ratio: ===
0.00524659
==========================

rule5V_arr[29][29][1][1]: 743 745 836 844 
==========================
=== number of elements: ===
4
=== Ratio: ===
0.00419727
==========================

rule5V_arr[30][30][1][0]: 438 439 440 441 442 443 444 445 446 473 628 629 630 652 653 654 655 656 657 
==========================
=== number of elements: ===
19
=== Ratio: ===
0.019937
==========================

rule5V_arr[30][30][1][1]: 516 540 559 560 561 562 719 736 737 738 744 825 829 834 835 838 839 874 877 878 
==========================
=== number of elements: ===
20
=== Ratio: ===
0.0209864
==========================

rule5V_arr[31][31][1][0]: 213 214 215 216 217 218 219 220 221 222 223 224 225 226 227 228 229 230 231 232 233 234 235 236 237 238 239 240 241 242 243 244 245 246 247 248 249 250 251 252 253 254 255 256 257 258 259 260 261 262 263 264 265 266 267 268 269 270 271 272 273 274 275 276 277 278 279 280 281 282 283 284 285 286 287 288 289 290 291 292 293 294 295 296 297 298 299 300 301 302 303 304 305 306 307 308 309 310 311 312 313 314 315 316 317 318 319 320 321 322 323 329 330 331 332 395 396 397 398 399 400 401 402 403 404 405 406 407 408 409 410 411 412 413 414 415 470 471 495 593 594 595 596 597 598 599 600 601 623 624 625 635 636 637 638 639 640 641 642 643 644 645 646 647 648 649 658 659 660 661 662 663 
==========================
=== number of elements: ===
172
=== Ratio: ===
0.180483
==========================

rule5V_arr[31][31][1][1]: 464 474 475 476 477 478 479 480 481 482 496 517 518 521 523 524 533 534 535 538 539 541 546 548 549 550 563 582 715 716 717 718 727 728 729 730 731 732 733 734 735 739 740 741 748 777 783 788 789 790 791 792 793 803 820 821 822 823 824 830 831 855 860 871 872 873 875 876 
==========================
=== number of elements: ===
68
=== Ratio: ===
0.0713536
==========================

rule5V_arr[32][32][1][0]: 1 2 3 4 5 6 7 8 9 10 11 12 13 14 15 16 17 18 19 20 21 22 23 24 25 26 27 28 29 30 31 32 33 34 35 36 37 38 39 40 41 42 43 44 45 46 47 48 49 50 51 52 53 54 55 56 57 58 59 60 61 62 63 64 65 66 67 68 69 70 71 72 73 74 75 76 77 78 79 80 81 82 83 84 85 86 87 88 89 90 91 92 93 94 95 96 97 98 99 100 101 102 103 104 105 106 107 108 109 110 111 112 113 114 115 116 117 118 119 120 121 122 123 124 125 126 127 128 129 130 131 132 133 134 135 136 137 138 139 140 141 142 143 144 145 146 147 148 149 150 151 152 153 154 155 156 157 158 159 160 161 162 163 164 165 166 167 168 169 170 171 172 173 174 175 176 177 178 179 180 181 182 183 184 185 186 187 188 189 190 191 192 193 194 195 196 197 198 199 200 201 202 203 204 205 206 207 208 209 210 211 212 324 325 326 327 328 333 334 335 336 337 338 339 340 341 342 343 344 345 346 347 348 349 350 351 352 353 354 355 356 357 358 359 360 361 362 363 364 365 366 367 368 369 370 371 372 373 374 375 376 377 378 379 380 381 382 383 384 385 386 387 388 389 390 391 416 417 418 419 420 421 422 423 424 425 426 427 428 429 430 431 432 433 434 435 436 437 547 557 558 565 566 581 606 607 608 609 610 611 612 613 614 615 616 617 618 619 620 621 622 631 632 633 634 
==========================
=== number of elements: ===
325
=== Ratio: ===
0.341028
==========================

rule5V_arr[32][32][1][1]: 392 393 394 447 448 449 450 451 452 453 454 455 456 457 458 459 460 461 462 463 465 466 467 468 469 472 483 484 485 486 487 488 489 490 491 492 493 494 497 498 499 500 501 502 503 504 505 506 507 508 509 510 511 512 513 514 515 519 520 522 525 526 527 528 529 530 531 532 536 542 543 544 545 681 682 683 684 685 686 687 688 689 690 691 692 693 694 695 696 697 698 699 700 701 702 703 704 705 706 707 708 709 710 711 712 713 714 720 721 722 723 724 725 726 742 746 749 750 751 752 753 754 755 756 757 758 759 760 761 762 763 764 765 766 769 770 771 772 773 774 775 776 800 801 802 804 805 806 808 809 810 811 812 813 814 815 816 817 818 819 826 832 833 837 841 842 846 847 849 850 851 852 853 861 863 864 865 866 867 868 869 870 
==========================
=== number of elements: ===
182
=== Ratio: ===
0.190976
==========================

