priority: 930
prefix_length: 23 0 1 1 0 
range: [1431935488, 1431935999] [0, 4294967295] [0, 65535] [0, 65535] [6, 6] 

priority: 931
prefix_length: 22 0 1 1 0 
range: [3266999296, 3267000319] [0, 4294967295] [0, 65535] [0, 65535] [1, 1] 

priority: 932
prefix_length: 22 0 1 1 0 
range: [3266999296, 3267000319] [0, 4294967295] [0, 65535] [0, 65535] [6, 6] 

priority: 936
prefix_length: 24 0 1 1 1 
range: [1431935232, 1431935487] [0, 4294967295] [0, 65535] [0, 65535] [0, 255] 

priority: 937
prefix_length: 23 0 1 1 1 
range: [1431935488, 1431935999] [0, 4294967295] [0, 65535] [0, 65535] [0, 255] 

priority: 938
prefix_length: 0 12 1 1 0 
range: [0, 4294967295] [1297088512, 1298137087] [0, 65535] [0, 65535] [6, 6] 

priority: 939
prefix_length: 0 12 1 1 0 
range: [0, 4294967295] [1153433600, 1154482175] [0, 65535] [0, 65535] [6, 6] 

priority: 940
prefix_length: 9 0 1 1 0 
range: [3254779904, 3263168511] [0, 4294967295] [0, 65535] [0, 65535] [6, 6] 

priority: 941
prefix_length: 0 7 1 1 0 
range: [0, 4294967295] [1275068416, 1308622847] [0, 65535] [0, 65535] [6, 6] 

priority: 942
prefix_length: 8 0 1 1 0 
range: [3271557120, 3288334335] [0, 4294967295] [0, 65535] [0, 65535] [6, 6] 

priority: 945
prefix_length: 0 8 1 1 0 
range: [0, 4294967295] [1275068416, 1291845631] [0, 65535] [0, 65535] [6, 6] 

priority: 946
prefix_length: 0 1 1 1 0 
range: [0, 4294967295] [0, 2147483647] [0, 65535] [0, 65535] [6, 6] 

priority: 947
prefix_length: 2 0 1 1 0 
range: [1073741824, 2147483647] [0, 4294967295] [0, 65535] [0, 65535] [6, 6] 

priority: 948
prefix_length: 0 1 1 1 0 
range: [0, 4294967295] [0, 2147483647] [0, 65535] [0, 65535] [6, 6] 

priority: 950
prefix_length: 7 0 1 1 1 
range: [3254779904, 3288334335] [0, 4294967295] [0, 65535] [0, 65535] [0, 255] 

priority: 951
prefix_length: 0 7 1 1 1 
range: [0, 4294967295] [1275068416, 1308622847] [0, 65535] [0, 65535] [0, 255] 

priority: 952
prefix_length: 1 0 1 1 1 
range: [2147483648, 4294967295] [0, 4294967295] [0, 65535] [0, 65535] [0, 255] 

priority: 953
prefix_length: 0 0 1 1 1 
range: [0, 4294967295] [0, 4294967295] [0, 65535] [0, 65535] [0, 255] 

