IpNode [ID LAYER FIELD TABLE_NUM CHILD_NUM]

0	0	0	1	235
1	1	4	1	10
2	2	2	1	7
3	1	4	1	10
4	2	2	1	15
5	1	4	1	7
6	2	2	1	15
7	2	2	1	13
8	2	2	1	13
9	1	4	1	11
10	2	2	1	5
11	1	4	1	10
12	2	2	1	7
13	1	4	1	10
14	2	2	1	21
15	1	4	1	11
16	2	2	1	7
17	2	2	1	5
18	1	4	1	9
19	2	2	1	9
20	2	2	1	18
21	2	2	1	7
22	1	4	1	11
23	2	2	1	8
24	2	2	1	11
25	1	4	1	14
26	2	2	1	3
27	2	2	1	3
28	2	2	1	3
29	2	2	1	3
30	1	4	1	11
31	2	2	1	5
32	1	4	1	8
33	2	2	1	3
34	1	4	1	9
35	2	2	1	87
36	2	2	1	34
37	1	4	1	9
38	2	2	1	29
39	2	2	1	17
40	2	2	1	38
41	2	2	1	48
42	1	4	1	10
43	2	2	1	9
44	2	2	1	11
45	1	4	1	10
46	2	2	1	25
47	2	2	1	65
48	1	4	1	9
49	2	2	1	3
50	2	2	1	3
51	1	4	1	12
52	2	2	1	3
53	2	2	1	3
54	2	2	1	3
55	2	2	1	3
56	1	4	1	14
57	2	2	1	3
58	2	2	1	3
59	2	2	1	3
60	1	4	1	9
61	2	2	1	62
62	2	2	1	34
63	2	2	1	1
64	1	4	1	8
65	2	2	1	28
66	1	4	1	11
67	2	2	1	7
68	1	4	1	11
69	2	2	1	21
70	1	4	1	13
71	2	2	1	3
72	2	2	1	3
73	2	2	1	3
74	1	4	1	9
75	2	2	1	3
76	2	2	1	3
77	2	2	1	3
78	1	4	1	13
79	2	2	1	3
80	2	2	1	3
81	2	2	1	3
82	1	4	1	9
83	2	2	1	134
84	2	2	1	71
85	1	4	1	9
86	2	2	1	19
87	1	4	1	10
88	2	2	1	37
89	1	4	1	8
90	2	2	1	29
91	2	2	1	32
92	1	4	1	11
93	2	2	1	35
94	1	4	1	9
95	2	2	1	9
96	1	4	1	9
97	2	2	1	6
98	2	2	1	7
99	2	2	1	7
100	1	4	1	9
101	2	2	1	13
102	1	4	1	8
103	2	2	1	3
104	2	2	1	3
105	2	2	1	3
106	1	4	1	15
107	2	2	1	3
108	2	2	1	7
109	1	4	1	10
110	2	2	1	5
111	1	4	1	9
112	2	2	1	30
113	2	2	1	52
114	1	4	1	9
115	2	2	1	96
116	2	2	1	45
117	1	4	1	9
118	2	2	1	5
119	2	2	1	5
120	1	4	1	10
121	2	2	1	4
122	1	4	1	10
123	2	2	1	7
124	2	2	1	7
125	2	2	1	7
126	1	4	1	11
127	2	2	1	18
128	2	2	1	78
129	1	4	1	11
130	2	2	1	81
131	2	2	1	36
132	2	2	1	45
133	1	4	1	11
134	2	2	1	3
135	2	2	1	3
136	2	2	1	3
137	2	2	1	3
138	2	2	1	3
139	1	4	1	12
140	2	2	1	7
141	2	2	1	9
142	2	2	1	4
143	1	4	1	8
144	2	2	1	65
145	2	2	1	17
146	1	4	1	11
147	2	2	1	3
148	1	4	1	9
149	2	2	1	7
150	2	2	1	7
151	1	4	1	12
152	2	2	1	88
153	1	4	1	7
154	2	2	1	97
155	1	4	1	11
156	2	2	1	91
157	2	2	1	43
158	1	4	1	9
159	2	2	1	18
160	2	2	1	25
161	2	2	1	62
162	1	4	1	10
163	2	2	1	123
164	1	4	1	7
165	2	2	1	20
166	1	4	1	11
167	2	2	1	6
168	2	2	1	8
169	1	4	1	8
170	2	2	1	9
171	1	4	1	9
172	2	2	1	10
173	1	4	1	8
174	2	2	1	34
175	2	2	1	86
176	1	4	1	7
177	2	2	1	40
178	2	2	1	30
179	1	4	1	10
180	2	2	1	24
181	1	4	1	12
182	2	2	1	15
183	2	2	1	13
184	2	2	1	15
185	1	4	1	13
186	2	2	1	3
187	1	4	1	11
188	2	2	1	10
189	1	4	1	10
190	2	2	1	24
191	1	4	1	10
192	2	2	1	3
193	1	4	1	10
194	2	2	1	55
195	1	4	1	7
196	2	2	1	91
197	1	4	1	10
198	2	2	1	91
199	1	4	1	7
200	2	2	1	65
201	1	4	1	10
202	2	2	1	3
203	2	2	1	3
204	1	4	1	9
205	2	2	1	30
206	1	4	1	9
207	2	2	1	71
208	1	4	1	11
209	2	2	1	53
210	2	2	1	12
211	1	4	1	10
212	2	2	1	3
213	2	2	1	3
214	1	4	1	12
215	2	2	1	30
216	2	2	1	47
217	1	4	1	11
218	2	2	1	8
219	1	4	1	13
220	2	2	1	5
221	2	2	1	5
222	2	2	1	5
223	1	4	1	12
224	2	2	1	9
225	2	2	1	3
226	2	2	1	9
227	1	4	1	11
228	2	2	1	5
229	2	2	1	5
230	2	2	1	5
231	2	2	1	5
232	1	4	1	9
233	2	2	1	33
234	1	4	1	8
235	2	2	1	86
236	1	4	1	10
237	2	2	1	12
238	1	4	1	11
239	2	2	1	7
240	1	4	1	11
241	2	2	1	8
242	1	4	1	9
243	2	2	1	64
244	1	4	1	10
245	2	2	1	70
246	2	2	1	33
247	1	4	1	9
248	2	2	1	30
249	1	4	1	10
250	2	2	1	69
251	1	4	1	12
252	2	2	1	39
253	2	2	1	76
254	1	4	1	9
255	2	2	1	46
256	2	2	1	25
257	2	2	1	22
258	1	4	1	9
259	2	2	1	3
260	1	4	1	10
261	2	2	1	77
262	1	4	1	7
263	2	2	1	32
264	1	4	1	9
265	2	2	1	19
266	1	4	1	10
267	2	2	1	9
268	2	2	1	9
269	1	4	1	10
270	2	2	1	48
271	2	2	1	35
272	2	2	1	32
273	1	4	1	8
274	2	2	1	40
275	2	2	1	80
276	2	2	1	40
277	1	4	1	10
278	2	2	1	5
279	2	2	1	9
280	1	4	1	12
281	2	2	1	14
282	1	4	1	14
283	2	2	1	3
284	2	2	1	3
285	2	2	1	3
286	2	2	1	3
287	1	4	1	9
288	2	2	1	25
289	1	4	1	7
290	2	2	1	8
291	2	2	1	35
292	1	4	1	9
293	2	2	1	58
294	1	4	1	10
295	2	2	1	5
296	2	2	1	5
297	1	4	1	14
298	2	2	1	24
299	2	2	1	19
300	2	2	1	45
301	1	4	1	10
302	2	2	1	54
303	1	4	1	11
304	2	2	1	3
305	1	4	1	13
306	2	2	1	28
307	1	4	1	10
308	2	2	1	11
309	2	2	1	8
310	2	2	1	11
311	1	4	1	8
312	2	2	1	60
313	2	2	1	29
314	1	4	1	10
315	2	2	1	28
316	1	4	1	8
317	2	2	1	26
318	2	2	1	49
319	2	2	1	47
320	1	4	1	9
321	2	2	1	33
322	1	4	1	11
323	2	2	1	12
324	2	2	1	12
325	1	4	1	11
326	2	2	1	112
327	1	4	1	10
328	2	2	1	3
329	2	2	1	3
330	2	2	1	9
331	2	2	1	8
332	2	2	1	9
333	1	4	1	9
334	2	2	1	3
335	2	2	1	3
336	2	2	1	3
337	2	2	1	3
338	2	2	1	3
339	2	2	1	3
340	2	2	1	14
341	2	2	1	19
342	2	2	1	11
343	2	2	1	17
344	2	2	1	14
345	2	2	1	3
346	2	2	1	4
347	2	2	1	5
348	2	2	1	6
349	2	2	1	7
350	2	2	1	47
351	2	2	1	29
352	2	2	1	28
353	2	2	1	5
354	2	2	1	7
355	2	2	1	7
356	2	2	1	14
357	2	2	1	13
358	2	2	1	12
359	1	4	1	8
360	2	2	1	48
361	2	2	1	42
362	2	2	1	87
363	2	2	1	2
364	2	2	1	26
365	2	2	1	8
366	2	2	1	12
367	2	2	1	6
368	2	2	1	6
369	2	2	1	3
370	2	2	1	3
371	2	2	1	3
372	2	2	1	3
373	2	2	1	3
374	2	2	1	3
375	2	2	1	4
376	2	2	1	5
377	2	2	1	5
378	2	2	1	5
379	2	2	1	3
380	2	2	1	3
381	2	2	1	3
382	2	2	1	3
383	2	2	1	36
384	2	2	1	25
385	2	2	1	25
386	2	2	1	9
387	2	2	1	11
388	2	2	1	4
389	1	4	1	13
390	2	2	1	18
391	2	2	1	4
392	2	2	1	23
393	2	2	1	22
394	2	2	1	11
395	2	2	1	15
396	2	2	1	62
397	2	2	1	59
398	2	2	1	120
399	2	2	1	23
400	2	2	1	3
401	2	2	1	3
402	2	2	1	3
403	2	2	1	2
404	2	2	1	3
405	2	2	1	3
406	1	4	1	9
407	2	2	1	82
408	2	2	1	43
409	2	2	1	40
410	2	2	1	40
411	2	2	1	17
412	1	4	1	10
413	2	2	1	87
414	2	2	1	13
415	2	2	1	42
416	2	2	1	25
417	2	2	1	5
418	1	4	1	9
419	2	2	1	12
420	2	2	1	36
421	2	2	1	35
422	2	2	1	33
423	2	2	1	31
424	2	2	1	26
425	1	4	1	8
426	2	2	1	34
427	2	2	1	82
428	2	2	1	47
429	2	2	1	29
430	2	2	1	4
431	2	2	1	3
432	2	2	1	3
433	2	2	1	3
434	2	2	1	3
435	2	2	1	3
436	2	2	1	3
437	2	2	1	28
438	2	2	1	25
439	2	2	1	17
440	2	2	1	82
441	2	2	1	43
442	2	2	1	18
443	2	2	1	37
444	1	4	1	9
445	2	2	1	43
446	2	2	1	34
447	2	2	1	65
448	2	2	1	7
449	2	2	1	7
450	2	2	1	6
451	2	2	1	6
452	2	2	1	3
453	2	2	1	3
454	2	2	1	3
455	2	2	1	16
456	2	2	1	17
457	2	2	1	15
458	2	2	1	11
459	2	2	1	3
460	2	2	1	3
461	2	2	1	3
462	2	2	1	2
463	2	2	1	3
464	2	2	1	2
465	2	2	1	3
466	2	2	1	3
467	2	2	1	3
468	2	2	1	3
469	2	2	1	3
470	2	2	1	3
471	2	2	1	3
472	2	2	1	2
473	2	2	1	62
474	2	2	1	20
475	2	2	1	71
476	2	2	1	6
477	2	2	1	26
478	2	2	1	47
479	2	2	1	21
480	2	2	1	61
481	2	2	1	43
482	2	2	1	69
483	2	2	1	34
484	2	2	1	18
485	2	2	1	57
486	2	2	1	32
487	2	2	1	38
488	2	2	1	37
489	2	2	1	35
490	2	2	1	9
491	2	2	1	3
492	2	2	1	9
493	2	2	1	5
494	2	2	1	8
495	1	4	1	12
496	2	2	1	23
497	2	2	1	16
498	2	2	1	10
499	2	2	1	17
500	2	2	1	24
501	2	2	1	5
502	1	4	1	11
503	2	2	1	5
504	2	2	1	5
505	2	2	1	5
506	2	2	1	5
507	2	2	1	3
508	2	2	1	3
509	2	2	1	7
510	2	2	1	5
511	2	2	1	2
512	2	2	1	11
513	2	2	1	12
514	2	2	1	11
515	2	2	1	3
516	2	2	1	5
517	2	2	1	7
518	2	2	1	7
519	2	2	1	7
520	2	2	1	5
521	2	2	1	5
522	1	4	1	9
523	2	2	1	36
524	2	2	1	49
525	2	2	1	29
526	2	2	1	31
527	2	2	1	20
528	2	2	1	7
529	2	2	1	5
530	2	2	1	5
531	2	2	1	5
532	2	2	1	5
533	2	2	1	3
534	2	2	1	4
535	2	2	1	3
536	2	2	1	44
537	2	2	1	32
538	2	2	1	27
539	2	2	1	28
540	2	2	1	10
541	2	2	1	5
542	2	2	1	5
543	2	2	1	5
544	2	2	1	5
545	2	2	1	5
546	2	2	1	5
547	2	2	1	5
548	2	2	1	7
549	2	2	1	7
550	2	2	1	19
551	2	2	1	22
552	2	2	1	47
553	2	2	1	40
554	2	2	1	31
555	2	2	1	18
556	2	2	1	42
557	2	2	1	3
558	2	2	1	3
559	2	2	1	8
560	2	2	1	8
561	2	2	1	7
562	2	2	1	45
563	2	2	1	39
564	2	2	1	44
565	2	2	1	3
566	2	2	1	3
567	2	2	1	3
568	2	2	1	3
569	2	2	1	7
570	2	2	1	7
571	2	2	1	7
572	2	2	1	50
573	2	2	1	53
574	2	2	1	45
575	2	2	1	17
576	2	2	1	9
577	2	2	1	37
578	2	2	1	32
579	2	2	1	29
580	1	4	1	8
581	2	2	1	83
582	2	2	1	36
583	2	2	1	48
584	2	2	1	38
585	2	2	1	20
586	2	2	1	16
587	2	2	1	3
588	2	2	1	32
589	2	2	1	53
590	2	2	1	58
591	2	2	1	4
592	2	2	1	23
593	2	2	1	57
594	2	2	1	11
595	2	2	1	12
596	2	2	1	14
597	2	2	1	15
598	2	2	1	8
599	2	2	1	9
600	2	2	1	33
601	2	2	1	15
602	2	2	1	63
603	2	2	1	23
604	2	2	1	28
605	1	4	1	8
606	2	2	1	31
607	2	2	1	87
608	2	2	1	27
609	2	2	1	37
610	2	2	1	16
611	2	2	1	10
612	2	2	1	10
613	2	2	1	10
614	2	2	1	8
615	2	2	1	36
616	2	2	1	38
617	2	2	1	18
618	2	2	1	78
619	2	2	1	46
620	1	4	1	8
621	2	2	1	9
622	2	2	1	9
623	2	2	1	9
624	2	2	1	8
625	2	2	1	8
626	2	2	1	21
627	2	2	1	25
628	2	2	1	14
629	2	2	1	10
630	2	2	1	17
631	2	2	1	14
632	2	2	1	14
633	2	2	1	5
634	2	2	1	3
635	2	2	1	3
636	2	2	1	3
637	2	2	1	3
638	2	2	1	3
639	1	4	1	7
640	2	2	1	35
641	2	2	1	47
642	2	2	1	32
643	2	2	1	76
644	1	4	1	7
645	2	2	1	24
646	2	2	1	18
647	1	4	1	10
648	2	2	1	89
649	2	2	1	24
650	2	2	1	39
651	2	2	1	19
652	1	4	1	8
653	2	2	1	78
654	2	2	1	32
655	2	2	1	24
656	2	2	1	18
657	2	2	1	32
658	2	2	1	9
659	2	2	1	10
660	2	2	1	10
661	2	2	1	3
662	2	2	1	13
663	2	2	1	4
664	2	2	1	7
665	2	2	1	5
666	1	4	1	7
667	2	2	1	52
668	2	2	1	29
669	2	2	1	40
670	2	2	1	79
671	2	2	1	69
672	2	2	1	29
673	2	2	1	17
674	2	2	1	35
675	2	2	1	17
676	2	2	1	3
677	2	2	1	3
678	2	2	1	3
679	2	2	1	3
680	2	2	1	3
681	1	4	1	9
682	2	2	1	5
683	2	2	1	5
684	2	2	1	5
685	2	2	1	5
686	2	2	1	5
687	2	2	1	3
688	2	2	1	31
689	2	2	1	34
690	2	2	1	35
691	2	2	1	19
692	2	2	1	37
693	2	2	1	38
694	2	2	1	31
695	2	2	1	9
696	2	2	1	32
697	2	2	1	37
698	2	2	1	34
699	2	2	1	43
700	2	2	1	35
701	2	2	1	3
702	2	2	1	3
703	2	2	1	3
704	2	2	1	3
705	2	2	1	25
706	2	2	1	28
707	2	2	1	32
708	2	2	1	14
709	2	2	1	12
710	2	2	1	29
711	2	2	1	11
712	2	2	1	28
713	2	2	1	33
714	2	2	1	44
715	2	2	1	17
716	2	2	1	3
717	2	2	1	3
718	2	2	1	3
719	2	2	1	3
720	2	2	1	3
721	1	4	1	11
722	2	2	1	116
723	2	2	1	49
724	2	2	1	56
725	2	2	1	24
726	2	2	1	52
727	1	4	1	11
728	2	2	1	30
729	2	2	1	27
730	2	2	1	60
731	1	4	1	9
732	2	2	1	27
733	2	2	1	59
734	2	2	1	29
735	2	2	1	19
736	2	2	1	30
737	2	2	1	2
738	2	2	1	18
739	2	2	1	16
740	2	2	1	28
741	2	2	1	6
742	2	2	1	10
743	2	2	1	11
744	2	2	1	7
745	2	2	1	9
746	2	2	1	7
747	2	2	1	5
748	2	2	1	5
749	2	2	1	9
750	2	2	1	9
751	2	2	1	3
752	2	2	1	2
753	2	2	1	84
754	2	2	1	36
755	2	2	1	33
756	2	2	1	25
757	2	2	1	41
758	2	2	1	5
759	2	2	1	13
760	2	2	1	11
761	2	2	1	3
762	2	2	1	9
763	2	2	1	7
764	2	2	1	7
765	2	2	1	7
766	2	2	1	7
767	2	2	1	7
768	2	2	1	8
769	2	2	1	5
770	2	2	1	9
771	2	2	1	4
772	2	2	1	7
773	2	2	1	28
774	2	2	1	32
775	2	2	1	26
776	2	2	1	36
777	2	2	1	28
778	2	2	1	39
779	2	2	1	44
780	2	2	1	11
781	2	2	1	85
782	2	2	1	44
783	2	2	1	33
784	2	2	1	47
785	2	2	1	2
786	2	2	1	37
787	2	2	1	39
788	2	2	1	9
789	1	4	1	7
790	2	2	1	89
791	2	2	1	30
792	2	2	1	27
793	2	2	1	32
794	2	2	1	4
795	2	2	1	13
796	2	2	1	25
797	2	2	1	3
798	2	2	1	3
799	2	2	1	1
800	2	2	1	3
801	2	2	1	3
802	2	2	1	3
803	2	2	1	35
804	2	2	1	19
805	2	2	1	26
806	2	2	1	35
807	2	2	1	13
808	2	2	1	94
809	2	2	1	34
810	2	2	1	38
811	2	2	1	31
812	2	2	1	18
813	2	2	1	53
814	2	2	1	43
815	2	2	1	6
816	2	2	1	9
817	2	2	1	9
818	2	2	1	21
819	2	2	1	37
820	1	4	1	7
821	2	2	1	42
822	2	2	1	19
823	2	2	1	99
824	2	2	1	30
825	2	2	1	36
826	2	2	1	4
827	1	4	1	12
828	2	2	1	7
829	2	2	1	7
830	2	2	1	4
831	2	2	1	7
832	2	2	1	3
833	1	4	1	10
834	2	2	1	19
835	2	2	1	19
836	2	2	1	21
837	2	2	1	18
838	1	4	1	10
839	2	2	1	41
840	2	2	1	43
841	2	2	1	79
842	2	2	1	22
843	2	2	1	43
844	2	2	1	11
845	2	2	1	11
846	2	2	1	8
847	2	2	1	10
848	2	2	1	14
849	2	2	1	15
850	2	2	1	12
851	2	2	1	13
852	2	2	1	7
853	1	4	1	10
854	2	2	1	3
855	2	2	1	3
856	2	2	1	3
857	2	2	1	3
858	2	2	1	3
859	2	2	1	3
860	2	2	1	3
861	2	2	1	3
862	2	2	1	3
863	2	2	1	3
864	2	2	1	3
865	2	2	1	31
866	2	2	1	27
867	2	2	1	14
868	2	2	1	41
869	2	2	1	100
870	2	2	1	31
871	2	2	1	38
872	1	4	1	10
873	2	2	1	28
874	2	2	1	19
875	2	2	1	29
876	2	2	1	52
877	2	2	1	6
878	1	4	1	9
879	2	2	1	36
880	2	2	1	39
881	2	2	1	78
882	1	4	1	12
883	2	2	1	30
884	2	2	1	43
885	2	2	1	85
886	2	2	1	41
887	2	2	1	16
888	2	2	1	5
889	2	2	1	5
890	2	2	1	3
891	2	2	1	43
892	2	2	1	24
893	2	2	1	38
894	2	2	1	7
895	2	2	1	33
896	2	2	1	25
897	2	2	1	40
898	2	2	1	13
899	2	2	1	3
900	2	2	1	3
901	2	2	1	3
902	2	2	1	60
903	2	2	1	34
904	2	2	1	5
905	2	2	1	3
906	2	2	1	41
907	2	2	1	8
908	2	2	1	7
909	2	2	1	9
910	2	2	1	32
911	2	2	1	27
912	2	2	1	16
913	2	2	1	70
914	2	2	1	27
915	2	2	1	33
916	2	2	1	26
917	2	2	1	36
918	2	2	1	93
919	2	2	1	44
920	2	2	1	14
921	2	2	1	2
922	2	2	1	11
923	2	2	1	12
924	2	2	1	10
925	2	2	1	31
926	2	2	1	48
927	2	2	1	22
928	2	2	1	54
929	2	2	1	39
930	2	2	1	3
931	2	2	1	3
932	2	2	1	3
933	2	2	1	3
934	2	2	1	3
935	2	2	1	21
936	2	2	1	37
937	2	2	1	3
938	2	2	1	7
939	2	2	1	37
940	2	2	1	2
941	2	2	1	5
942	2	2	1	6
943	2	2	1	10
944	2	2	1	9
945	2	2	1	9
946	2	2	1	35
947	2	2	1	3
948	2	2	1	10
949	2	2	1	27
950	2	2	1	4
951	2	2	1	3
952	2	2	1	3
953	2	2	1	2
954	2	2	1	29
955	2	2	1	21
956	2	2	1	5
957	2	2	1	24
958	2	2	1	3
959	2	2	1	41
960	2	2	1	24
961	2	2	1	7
962	2	2	1	7
963	2	2	1	3
964	2	2	1	16
965	2	2	1	10
966	2	2	1	5
967	2	2	1	44
968	2	2	1	9
969	2	2	1	5
970	2	2	1	3
971	2	2	1	4
972	2	2	1	33
973	2	2	1	20
974	2	2	1	2
975	2	2	1	3
976	2	2	1	3
977	2	2	1	21
978	2	2	1	6
979	2	2	1	10
980	2	2	1	4
981	2	2	1	29
982	2	2	1	14
983	2	2	1	3
984	2	2	1	2
985	2	2	1	5
986	2	2	1	7
987	2	2	1	24
988	2	2	1	7
989	2	2	1	3
990	2	2	1	32
991	2	2	1	5
992	2	2	1	8
993	2	2	1	3
994	2	2	1	16
995	2	2	1	11
996	2	2	1	8
997	2	2	1	31
998	2	2	1	4
999	2	2	1	37
1000	2	2	1	14
1001	2	2	1	3
1002	2	2	1	15
1003	2	2	1	2
1004	2	2	1	3
1005	2	2	1	3
1006	2	2	1	17
1007	2	2	1	45
1008	2	2	1	22
1009	2	2	1	31
1010	2	2	1	22
1011	2	2	1	2
1012	2	2	1	3
1013	2	2	1	2
1014	2	2	1	4
1015	2	2	1	7
1016	2	2	1	3
1017	2	2	1	20
1018	2	2	1	3
1019	2	2	1	12
1020	2	2	1	6
1021	2	2	1	13
1022	2	2	1	17
1023	2	2	1	2
1024	2	2	1	5
1025	2	2	1	2
1026	2	2	1	38
1027	2	2	1	3
1028	2	2	1	10
1029	2	2	1	23
1030	2	2	1	2
1031	2	2	1	5
1032	2	2	1	16
1033	2	2	1	7
1034	2	2	1	20
1035	2	2	1	9
1036	2	2	1	2
1037	2	2	1	5
1038	2	2	1	3
1039	2	2	1	3
1040	2	2	1	9
1041	2	2	1	3
1042	2	2	1	13
1043	2	2	1	3
1044	2	2	1	27
1045	2	2	1	5
1046	2	2	1	6
1047	2	2	1	3
1048	2	2	1	5
1049	2	2	1	14
1050	2	2	1	13
1051	2	2	1	2
1052	2	2	1	5
1053	2	2	1	39
1054	2	2	1	5
1055	2	2	1	5
1056	2	2	1	4
1057	2	2	1	5
1058	2	2	1	4
1059	2	2	1	12
1060	2	2	1	8
1061	2	2	1	3
1062	2	2	1	11
1063	2	2	1	8
1064	2	2	1	20
1065	2	2	1	6
1066	2	2	1	21
1067	2	2	1	3
1068	2	2	1	3
1069	2	2	1	2
1070	2	2	1	9
1071	2	2	1	11
1072	2	2	1	9
1073	2	2	1	4
1074	2	2	1	3
1075	2	2	1	3
1076	2	2	1	4
1077	2	2	1	6
1078	2	2	1	2
1079	2	2	1	3
1080	2	2	1	1
1081	2	2	1	4
1082	2	2	1	3
1083	2	2	1	5
1084	2	2	1	3
1085	2	2	1	7
1086	2	2	1	3
1087	2	2	1	3
1088	2	2	1	6
1089	2	2	1	2
1090	2	2	1	5
1091	2	2	1	3
1092	2	2	1	7
1093	2	2	1	2
1094	2	2	1	3
1095	2	2	1	3
1096	2	2	1	4
1097	2	2	1	7
1098	2	2	1	4
1099	2	2	1	4
1100	2	2	1	3
1101	2	2	1	6
1102	2	2	1	6
1103	2	2	1	2
1104	2	2	1	3
1105	2	2	1	21
1106	2	2	1	6
1107	2	2	1	2
1108	2	2	1	3
1109	2	2	1	2
1110	2	2	1	1
1111	2	2	1	4
1112	2	2	1	12
1113	2	2	1	13
1114	2	2	1	3
1115	2	2	1	4
1116	2	2	1	9
1117	2	2	1	7
1118	2	2	1	3
1119	2	2	1	2
1120	2	2	1	4
1121	2	2	1	3
1122	2	2	1	1
1123	2	2	1	5
1124	2	2	1	7
1125	2	2	1	2
1126	2	2	1	3
1127	2	2	1	3
1128	2	2	1	5
1129	2	2	1	1
1130	2	2	1	2
1131	2	2	1	1
1132	2	2	1	4
1133	2	2	1	3
1134	2	2	1	3
1135	2	2	1	6
1136	2	2	1	9
1137	2	2	1	5
1138	2	2	1	3
1139	2	2	1	4
1140	2	2	1	3
1141	2	2	1	2
1142	2	2	1	3
1143	2	2	1	1
1144	2	2	1	2
1145	2	2	1	4
1146	2	2	1	1
1147	2	2	1	3
1148	2	2	1	1
1149	2	2	1	1
1150	2	2	1	3
1151	2	2	1	3
1152	2	2	1	4
1153	2	2	1	5
1154	2	2	1	2
1155	2	2	1	1
1156	2	2	1	1
1157	2	2	1	2
1158	2	2	1	3
1159	2	2	1	2
1160	2	2	1	4
1161	2	2	1	3
1162	2	2	1	2
1163	2	2	1	2
1164	2	2	1	2
1165	2	2	1	1
1166	2	2	1	3
1167	2	2	1	1
1168	2	2	1	3
1169	2	2	1	3
1170	2	2	1	2
1171	2	2	1	2
1172	2	2	1	2
1173	2	2	1	3
1174	2	2	1	4
1175	2	2	1	4
1176	2	2	1	2
1177	2	2	1	1
1178	2	2	1	3
1179	2	2	1	2
1180	2	2	1	3
1181	2	2	1	3
1182	2	2	1	3
1183	2	2	1	2
1184	2	2	1	3
1185	2	2	1	2
1186	2	2	1	5
1187	2	2	1	2
1188	2	2	1	1
1189	2	2	1	1
1190	2	2	1	2
1191	2	2	1	1
1192	2	2	1	3
1193	2	2	1	5
1194	2	2	1	2
1195	2	2	1	3
1196	2	2	1	4
1197	2	2	1	2
1198	2	2	1	5
1199	2	2	1	2
1200	2	2	1	3
1201	2	2	1	1
1202	2	2	1	4
1203	2	2	1	3
1204	2	2	1	2
1205	2	2	1	2
1206	2	2	1	7
1207	2	2	1	4
1208	2	2	1	1
1209	2	2	1	1
1210	2	2	1	3
1211	2	2	1	1
1212	2	2	1	4
1213	2	2	1	6
1214	2	2	1	2
1215	2	2	1	1
1216	2	2	1	1
1217	2	2	1	2
1218	2	2	1	1
1219	2	2	1	2
1220	2	2	1	2
1221	2	2	1	1
1222	2	2	1	7
1223	2	2	1	5
1224	1	4	1	135
1225	2	2	1	1
1226	2	2	1	1
1227	2	2	1	1
1228	2	2	1	1
1229	2	2	1	1
1230	2	2	1	2
1231	2	2	1	5
1232	2	2	1	3
1233	2	2	1	15
1234	2	2	1	3
1235	2	2	1	8
1236	2	2	1	6
1237	2	2	1	4
1238	2	2	1	8
1239	2	2	1	6
1240	2	2	1	3
1241	2	2	1	12
1242	2	2	1	11
1243	2	2	1	3
1244	2	2	1	3
1245	2	2	1	14
1246	2	2	1	3
1247	2	2	1	5
1248	2	2	1	5
1249	2	2	1	8
1250	2	2	1	6
1251	2	2	1	7
1252	2	2	1	13
1253	2	2	1	3
1254	2	2	1	3
1255	2	2	1	11
1256	2	2	1	4
1257	2	2	1	14
1258	2	2	1	16
1259	2	2	1	3
1260	2	2	1	23
1261	2	2	1	3
1262	2	2	1	3
1263	2	2	1	1
1264	2	2	1	1
1265	2	2	1	1
1266	2	2	1	1
1267	2	2	1	1
1268	2	2	1	1
1269	2	2	1	1
1270	2	2	1	1
1271	2	2	1	1
1272	2	2	1	1
1273	2	2	1	1
1274	2	2	1	1
1275	2	2	1	1
1276	2	2	1	1
1277	2	2	1	1
1278	2	2	1	1
1279	2	2	1	1
1280	2	2	1	1
1281	2	2	1	1
1282	2	2	1	5
1283	2	2	1	5
1284	2	2	1	18
1285	2	2	1	15
1286	2	2	1	17
1287	2	2	1	5
1288	2	2	1	10
1289	2	2	1	3
1290	2	2	1	17
1291	2	2	1	7
1292	2	2	1	15
1293	2	2	1	1
1294	2	2	1	1
1295	2	2	1	1
1296	2	2	1	1
1297	2	2	1	1
1298	2	2	1	1
1299	2	2	1	1
1300	2	2	1	1
1301	2	2	1	1
1302	2	2	1	2
1303	2	2	1	3
1304	2	2	1	1
1305	2	2	1	2
1306	2	2	1	4
1307	2	2	1	1
1308	2	2	1	2
1309	2	2	1	2
1310	2	2	1	1
1311	2	2	1	3
1312	2	2	1	1
1313	2	2	1	1
1314	2	2	1	1
1315	2	2	1	1
1316	2	2	1	1
1317	2	2	1	1
1318	2	2	1	1
1319	2	2	1	1
1320	2	2	1	1
1321	2	2	1	1
1322	2	2	1	1
1323	2	2	1	1
1324	2	2	1	1
1325	2	2	1	1
1326	2	2	1	1
1327	2	2	1	1
1328	2	2	1	1
1329	2	2	1	1
1330	2	2	1	1
1331	2	2	1	1
1332	2	2	1	1
1333	2	2	1	1
1334	2	2	1	1
1335	2	2	1	1
1336	2	2	1	1
1337	2	2	1	1
1338	2	2	1	1
1339	2	2	1	1
1340	2	2	1	1
1341	2	2	1	1
1342	2	2	1	1
1343	2	2	1	1
1344	2	2	1	1
1345	2	2	1	1
1346	2	2	1	1
1347	2	2	1	1
1348	2	2	1	1
1349	2	2	1	3
1350	2	2	1	11
1351	2	2	1	10
1352	2	2	1	5
1353	2	2	1	9
1354	2	2	1	4
1355	2	2	1	8
1356	2	2	1	3
1357	2	2	1	7
1358	2	2	1	12
1359	2	2	1	20
1360	2	2	1	3
1361	2	2	1	3
1362	2	2	1	6
1363	2	2	1	3
1364	2	2	1	14
1365	2	2	1	15
1366	2	2	1	11
1367	2	2	1	3
1368	2	2	1	14
1369	2	2	1	5
1370	2	2	1	5
1371	2	2	1	8
1372	2	2	1	5
1373	2	2	1	16
1374	2	2	1	20
1375	2	2	1	3
1376	2	2	1	6
1377	2	2	1	15
1378	2	2	1	16
1379	2	2	1	18
1380	2	2	1	8
1381	2	2	1	5
1382	2	2	1	13
1383	2	2	1	6
1384	2	2	1	11
1385	2	2	1	10
1386	2	2	1	9
1387	2	2	1	12
1388	2	2	1	17
1389	2	2	1	8
1390	2	2	1	14
1391	2	2	1	5
1392	2	2	1	9
1393	2	2	1	7
1394	2	2	1	3
1395	2	2	1	13
1396	2	2	1	14
1397	2	2	1	21
1398	2	2	1	13
1399	2	2	1	16
1400	2	2	1	18
1401	2	2	1	16
1402	2	2	1	12
1403	2	2	1	7
1404	2	2	1	17
1405	2	2	1	9
1406	2	2	1	14
1407	2	2	1	14
1408	2	2	1	10
1409	2	2	1	9
1410	2	2	1	15
1411	2	2	1	14
1412	2	2	1	11
1413	2	2	1	6
1414	2	2	1	11
1415	2	2	1	11
1416	2	2	1	7
1417	2	2	1	1
1418	2	2	1	1
1419	2	2	1	1
1420	2	2	1	3
1421	2	2	1	5
1422	2	2	1	8
1423	2	2	1	6
1424	2	2	1	7
1425	2	2	1	16
1426	2	2	1	11
1427	2	2	1	1
1428	2	2	1	1
1429	2	2	1	1
1430	2	2	1	2
1431	2	2	1	2
1432	2	2	1	1
1433	2	2	1	1
1434	2	2	1	3
1435	2	2	1	1
1436	2	2	1	1
1437	2	2	1	1
1438	2	2	1	1
1439	2	2	1	1
1440	2	2	1	1
1441	2	2	1	1
1442	2	2	1	12
1443	2	2	1	9
1444	2	2	1	3
1445	2	2	1	7
1446	2	2	1	10
1447	2	2	1	6
1448	2	2	1	13
1449	2	2	1	5
1450	2	2	1	13
1451	2	2	1	10
1452	2	2	1	16
1453	2	2	1	14
1454	2	2	1	9
1455	2	2	1	14
1456	2	2	1	6
1457	2	2	1	13
1458	2	2	1	7
1459	2	2	1	14
1460	2	2	1	13
1461	2	2	1	5
1462	2	2	1	9
1463	2	2	1	6
1464	2	2	1	2
1465	2	2	1	13
1466	2	2	1	6
1467	2	2	1	6
1468	2	2	1	2
1469	2	2	1	1
1470	2	2	1	11
1471	2	2	1	2
1472	2	2	1	4
1473	2	2	1	1
1474	2	2	1	1
1475	2	2	1	1
1476	2	2	1	1
1477	2	2	1	3
1478	2	2	1	1
1479	2	2	1	2
1480	2	2	1	3
1481	2	2	1	2
1482	2	2	1	1
1483	2	2	1	2
1484	2	2	1	1
1485	2	2	1	2
1486	2	2	1	2
1487	2	2	1	1
1488	2	2	1	1
1489	2	2	1	2
1490	2	2	1	1
1491	2	2	1	1
1492	2	2	1	2
1493	2	2	1	1
1494	2	2	1	2
1495	2	2	1	1
1496	2	2	1	1
1497	2	2	1	1
1498	2	2	1	1
1499	2	2	1	1
1500	2	2	1	2
1501	2	2	1	1
1502	2	2	1	1
1503	2	2	1	1
1504	2	2	1	1
1505	2	2	1	1
1506	2	2	1	6
1507	2	2	1	3
1508	2	2	1	1
1509	2	2	1	1
1510	2	2	1	1
1511	2	2	1	2
1512	2	2	1	1
1513	2	2	1	2
1514	2	2	1	1
1515	2	2	1	2
1516	1	4	1	1
1517	2	2	1	1
1518	1	4	1	7
1519	2	2	1	1
1520	1	4	1	2
1521	2	2	1	1
1522	1	4	1	3
1523	2	2	1	1
1524	1	4	1	2
1525	2	2	1	1
1526	1	4	1	3
1527	2	2	1	1
1528	1	4	1	2
1529	2	2	1	1
1530	1	4	1	3
1531	2	2	1	1
1532	1	4	1	5
1533	2	2	1	1
1534	1	4	1	3
1535	2	2	1	1
1536	1	4	1	2
1537	2	2	1	1
1538	1	4	1	3
1539	2	2	1	1
1540	1	4	1	3
1541	2	2	1	1
1542	1	4	1	4
1543	2	2	1	1
1544	1	4	1	3
1545	2	2	1	1
1546	1	4	1	5
1547	2	2	1	1
1548	2	2	1	1
1549	2	2	1	1
1550	2	2	1	1
1551	2	2	1	1
1552	2	2	1	1
1553	2	2	1	7
1554	2	2	1	1
1555	1	4	1	2
1556	2	2	1	1
1557	1	4	1	2
1558	2	2	1	1
1559	1	4	1	3
1560	2	2	1	1
1561	1	4	1	1
1562	2	2	1	1
1563	1	4	1	4
1564	2	2	1	1
1565	2	2	1	1
1566	1	4	1	1
1567	2	2	1	1
1568	1	4	1	3
1569	2	2	1	1
1570	1	4	1	2
1571	2	2	1	1
1572	1	4	1	2
1573	2	2	1	1
1574	1	4	1	2
1575	2	2	1	1
1576	1	4	1	3
1577	2	2	1	1
1578	2	2	1	1
1579	1	4	1	3
1580	2	2	1	1
1581	1	4	1	4
1582	2	2	1	1
1583	1	4	1	2
1584	2	2	1	1
1585	1	4	1	1
1586	2	2	1	1
1587	1	4	1	1
1588	2	2	1	1
1589	1	4	1	1
1590	2	2	1	1
1591	1	4	1	5
1592	2	2	1	1
1593	1	4	1	3
1594	2	2	1	1
1595	2	2	1	1
1596	2	2	1	1
1597	1	4	1	2
1598	2	2	1	1
1599	1	4	1	3
1600	2	2	1	1
1601	1	4	1	4
1602	2	2	1	1
1603	2	2	1	1
1604	1	4	1	3
1605	2	2	1	1
1606	1	4	1	2
1607	2	2	1	1
1608	1	4	1	3
1609	2	2	1	1
1610	2	2	1	1
1611	1	4	1	2
1612	2	2	1	1
1613	2	2	1	1
1614	1	4	1	3
1615	2	2	1	1
1616	1	4	1	2
1617	2	2	1	1
1618	1	4	1	1
1619	2	2	1	1
1620	1	4	1	1
1621	2	2	1	1
1622	2	2	1	1
1623	2	2	1	1
1624	2	2	1	1
1625	2	2	1	1
1626	2	2	1	1
1627	2	2	1	1
1628	2	2	1	1
1629	2	2	1	1
1630	2	2	1	1
1631	2	2	1	1
1632	2	2	1	1
1633	2	2	1	1
1634	2	2	1	1
1635	2	2	1	2
1636	2	2	1	1
1637	2	2	1	1
1638	2	2	1	1
1639	2	2	1	1
1640	2	2	1	2
1641	2	2	1	1
1642	2	2	1	1
1643	2	2	1	1
1644	2	2	1	1
1645	2	2	1	1
1646	2	2	1	2
1647	2	2	1	1
1648	2	2	1	2
1649	2	2	1	1
1650	2	2	1	2
1651	2	2	1	1
1652	2	2	1	1
1653	2	2	1	1
1654	2	2	1	2
1655	2	2	1	1
1656	2	2	1	1
1657	2	2	1	2
1658	2	2	1	1
1659	2	2	1	3
1660	2	2	1	1
1661	2	2	1	1
1662	2	2	1	1
1663	2	2	1	2
1664	2	2	1	1
1665	2	2	1	1
1666	2	2	1	1
1667	2	2	1	2
1668	2	2	1	2
1669	2	2	1	1
1670	2	2	1	1
1671	2	2	1	1
1672	2	2	1	1
1673	2	2	1	1
1674	2	2	1	1
1675	2	2	1	1
1676	2	2	1	9
1677	1	4	1	3
1678	2	2	1	1
1679	1	4	1	1
1680	2	2	1	1
1681	1	4	1	4
1682	2	2	1	1
1683	2	2	1	1
1684	2	2	1	1
1685	2	2	1	1
1686	1	4	1	2
1687	2	2	1	1
1688	1	4	1	3
1689	2	2	1	1
1690	1	4	1	2
1691	2	2	1	1
1692	1	4	1	1
1693	2	2	1	1
1694	2	2	1	1
1695	2	2	1	1
1696	2	2	1	1
1697	2	2	1	1
1698	2	2	1	1
1699	2	2	1	1
1700	2	2	1	1
1701	2	2	1	2
1702	2	2	1	1
1703	2	2	1	2
1704	2	2	1	1
1705	2	2	1	1
1706	2	2	1	1
1707	2	2	1	1
1708	2	2	1	1
1709	2	2	1	1
1710	2	2	1	1
1711	2	2	1	1
1712	2	2	1	1
1713	2	2	1	1
1714	2	2	1	1
1715	2	2	1	1
1716	1	4	1	2
1717	2	2	1	1
1718	1	4	1	3
1719	2	2	1	1
1720	2	2	1	1
1721	2	2	1	1
1722	1	4	1	1
1723	2	2	1	1
1724	2	2	1	1
1725	1	4	1	3
1726	2	2	1	1
1727	2	2	1	1
1728	2	2	1	1
1729	2	2	1	1
1730	1	4	1	1
1731	2	2	1	1
1732	2	2	1	1
1733	2	2	1	1
1734	2	2	1	1
1735	2	2	1	2
1736	2	2	1	1
1737	2	2	1	1
1738	2	2	1	2
1739	2	2	1	1
1740	2	2	1	1
1741	2	2	1	1
1742	2	2	1	1
1743	2	2	1	1
1744	2	2	1	1
1745	2	2	1	1
1746	2	2	1	1
1747	2	2	1	1
1748	2	2	1	1
1749	2	2	1	1
1750	2	2	1	1
1751	2	2	1	1
1752	2	2	1	1
1753	2	2	1	1
1754	2	2	1	1
1755	2	2	1	1
1756	1	4	1	2
1757	2	2	1	1
1758	1	4	1	3
1759	2	2	1	1
1760	2	2	1	1
1761	2	2	1	1
1762	2	2	1	1
1763	1	4	1	2
1764	2	2	1	1
1765	2	2	1	1
1766	2	2	1	1
1767	2	2	1	1
1768	2	2	1	1
1769	2	2	1	1
1770	2	2	1	1
1771	2	2	1	2
1772	2	2	1	1
1773	2	2	1	2
1774	2	2	1	2
1775	2	2	1	1
1776	2	2	1	1
1777	2	2	1	1
1778	2	2	1	1
1779	2	2	1	1
1780	2	2	1	2
1781	2	2	1	1
1782	2	2	1	2
1783	2	2	1	1
1784	2	2	1	1
1785	2	2	1	1
1786	2	2	1	1
1787	2	2	1	1
1788	2	2	1	1
1789	2	2	1	1
1790	2	2	1	1
1791	2	2	1	1
1792	2	2	1	2
1793	2	2	1	1
1794	2	2	1	1
1795	2	2	1	1
1796	2	2	1	1
1797	2	2	1	1
1798	2	2	1	1
1799	2	2	1	1
1800	2	2	1	1
1801	2	2	1	1
1802	2	2	1	1
1803	2	2	1	1
1804	2	2	1	1
1805	2	2	1	1
1806	2	2	1	1
1807	2	2	1	1
1808	2	2	1	2
1809	2	2	1	2
1810	2	2	1	1
1811	2	2	1	2
1812	2	2	1	1
1813	2	2	1	1
1814	2	2	1	1
1815	2	2	1	1
1816	2	2	1	1
1817	2	2	1	1
1818	2	2	1	1
1819	2	2	1	1
1820	2	2	1	1
1821	2	2	1	1
1822	2	2	1	1
1823	2	2	1	1
1824	2	2	1	1
1825	2	2	1	1
1826	2	2	1	1
1827	2	2	1	2
1828	2	2	1	1
1829	2	2	1	1
1830	2	2	1	1
1831	2	2	1	2
1832	2	2	1	1
1833	2	2	1	1
1834	2	2	1	2
1835	2	2	1	1
1836	2	2	1	1
1837	2	2	1	1
1838	2	2	1	1
1839	2	2	1	1
1840	2	2	1	1
1841	2	2	1	1
1842	2	2	1	1
1843	2	2	1	1
1844	2	2	1	1
1845	1	4	1	1
1846	2	2	1	1
1847	1	4	1	2
1848	2	2	1	1
1849	2	2	1	1
1850	2	2	1	1
1851	2	2	1	1
1852	1	4	1	1
1853	2	2	1	1
1854	2	2	1	1
1855	1	4	1	2
1856	2	2	1	1
1857	2	2	1	1
1858	2	2	1	1
1859	2	2	1	1
1860	2	2	1	1
1861	2	2	1	1
1862	2	2	1	1
1863	1	4	1	2
1864	2	2	1	1
1865	2	2	1	1
1866	2	2	1	1
1867	2	2	1	1
1868	2	2	1	1
1869	1	4	1	2
1870	2	2	1	1
1871	2	2	1	1
1872	2	2	1	1
1873	2	2	1	1
1874	2	2	1	1
1875	2	2	1	1
1876	1	4	1	1
1877	2	2	1	1
1878	2	2	1	1
1879	2	2	1	1
1880	2	2	1	1
1881	2	2	1	1
1882	1	4	1	2
1883	2	2	1	1
1884	2	2	1	1
1885	2	2	1	1
1886	2	2	1	1
1887	1	4	1	3
1888	2	2	1	1
1889	2	2	1	1
1890	1	4	1	3
1891	2	2	1	1
1892	2	2	1	1
1893	2	2	1	1
1894	2	2	1	1
1895	2	2	1	1
1896	2	2	1	1
1897	2	2	1	1
1898	2	2	1	1
1899	2	2	1	1
1900	1	4	1	1
1901	2	2	1	1
1902	2	2	1	1
1903	1	4	1	1
1904	2	2	1	1
1905	1	4	1	1
1906	2	2	1	1
1907	2	2	1	1
1908	2	2	1	1
1909	2	2	1	1
1910	2	2	1	1
1911	1	4	1	2
1912	2	2	1	1
1913	2	2	1	1
1914	2	2	1	1
1915	2	2	1	1
1916	2	2	1	1
1917	1	4	1	2
1918	2	2	1	1
1919	2	2	1	1
1920	2	2	1	1
1921	2	2	1	1
1922	2	2	1	1
1923	2	2	1	1
1924	2	2	1	1
1925	2	2	1	1
1926	1	4	1	2
1927	2	2	1	1
1928	2	2	1	1
1929	1	4	1	2
1930	2	2	1	1
1931	2	2	1	1
1932	2	2	1	1
1933	1	4	1	2
1934	2	2	1	1
1935	2	2	1	1
1936	2	2	1	1
1937	1	4	1	1
1938	2	2	1	1
1939	2	2	1	1
1940	2	2	1	1
1941	2	2	1	1
1942	2	2	1	1
1943	2	2	1	1
1944	2	2	1	1
1945	2	2	1	1
1946	2	2	1	1
1947	2	2	1	1
1948	2	2	1	1
1949	2	2	1	1
1950	2	2	1	1
1951	2	2	1	1
1952	2	2	1	1
1953	1	4	1	1
1954	2	2	1	1
1955	1	4	1	1
1956	2	2	1	1
1957	2	2	1	1
1958	2	2	1	1
1959	1	4	1	1
1960	2	2	1	1
1961	1	4	1	1
1962	2	2	1	1
1963	2	2	1	1
1964	2	2	1	1
1965	2	2	1	1
1966	2	2	1	1
1967	2	2	1	1
1968	2	2	1	1
1969	2	2	1	1
1970	2	2	1	1
1971	2	2	1	1
1972	2	2	1	1
1973	2	2	1	1
1974	2	2	1	1
1975	2	2	1	1
1976	2	2	1	1
1977	2	2	1	1
1978	2	2	1	1
1979	2	2	1	1
1980	2	2	1	2
1981	2	2	1	1
1982	2	2	1	1
1983	2	2	1	1
1984	2	2	1	1
1985	2	2	1	1
1986	2	2	1	1
1987	2	2	1	1
1988	2	2	1	1
1989	2	2	1	1
1990	2	2	1	1
1991	2	2	1	1
1992	2	2	1	1
1993	2	2	1	1
1994	2	2	1	1
1995	2	2	1	1
1996	2	2	1	1
1997	2	2	1	1
1998	2	2	1	1
1999	2	2	1	1
2000	2	2	1	1
2001	2	2	1	1
2002	2	2	1	1
2003	2	2	1	1
2004	2	2	1	1
2005	2	2	1	1
2006	2	2	1	1
2007	2	2	1	1
2008	2	2	1	1
2009	2	2	1	1
2010	2	2	1	1
2011	2	2	1	1
2012	2	2	1	1
2013	1	4	1	1
2014	2	2	1	1
2015	2	2	1	1
2016	2	2	1	1
2017	2	2	1	1
2018	2	2	1	1
2019	2	2	1	1
2020	2	2	1	1
2021	2	2	1	1
2022	2	2	1	1
2023	2	2	1	1
2024	2	2	1	1
2025	2	2	1	1
2026	2	2	1	1
2027	2	2	1	1
2028	2	2	1	1
2029	2	2	1	1
2030	2	2	1	1
