IpNode [ID LAYER FIELD TABLE_NUM CHILD_NUM]

0	0	4	1	257
1	1	0	1	5
2	2	5	1	71
3	1	0	1	17
4	2	5	1	7
5	1	0	1	8
6	2	5	1	116
7	1	0	1	4
8	2	5	1	20
9	1	0	1	18
10	2	5	1	28
11	1	0	1	9
12	2	5	1	36
13	1	0	1	6
14	2	5	1	28
15	1	0	1	4
16	2	5	1	133
17	1	0	1	36
18	2	5	1	19
19	1	0	1	11
20	2	5	1	49
21	1	0	1	7
22	2	5	1	56
23	1	0	1	4
24	2	5	1	109
25	1	0	1	16
26	2	5	1	112
27	1	0	1	5
28	2	5	1	74
29	1	0	1	5
30	2	5	1	120
31	1	0	1	10
32	2	5	1	114
33	1	0	1	11
34	2	5	1	25
35	1	0	1	5
36	2	5	1	128
37	2	5	1	20
38	1	0	1	34
39	2	5	1	61
40	2	5	1	29
41	1	0	1	4
42	2	5	1	130
43	1	0	1	19
44	2	5	1	11
45	1	0	1	9
46	2	5	1	49
47	1	0	1	7
48	2	5	1	45
49	1	0	1	5
50	2	5	1	117
51	1	0	1	9
52	2	5	1	45
53	1	0	1	5
54	2	5	1	111
55	1	0	1	8
56	2	5	1	22
57	2	5	1	2
58	2	5	1	25
59	1	0	1	11
60	2	5	1	21
61	1	0	1	5
62	2	5	1	139
63	1	0	1	12
64	2	5	1	20
65	1	0	1	17
66	2	5	1	70
67	1	0	1	5
68	2	5	1	79
69	1	0	1	5
70	2	5	1	103
71	1	0	1	11
72	2	5	1	8
73	1	0	1	20
74	2	5	1	25
75	1	0	1	6
76	2	5	1	63
77	1	0	1	5
78	2	5	1	63
79	1	0	1	6
80	2	5	1	120
81	1	0	1	6
82	2	5	1	52
83	2	5	1	61
84	1	0	1	5
85	2	5	1	114
86	2	5	1	100
87	1	0	1	10
88	2	5	1	27
89	1	0	1	5
90	2	5	1	69
91	1	0	1	7
92	2	5	1	100
93	1	0	1	17
94	2	5	1	107
95	1	0	1	6
96	2	5	1	56
97	1	0	1	5
98	2	5	1	33
99	1	0	1	6
100	2	5	1	46
101	1	0	1	10
102	2	5	1	116
103	1	0	1	5
104	2	5	1	123
105	2	5	1	78
106	2	5	1	18
107	1	0	1	7
108	2	5	1	51
109	1	0	1	21
110	2	5	1	29
111	2	5	1	47
112	2	5	1	21
113	1	0	1	5
114	2	5	1	117
115	1	0	1	9
116	2	5	1	138
117	1	0	1	5
118	2	5	1	93
119	1	0	1	12
120	2	5	1	26
121	1	0	1	5
122	2	5	1	100
123	1	0	1	7
124	2	5	1	19
125	1	0	1	5
126	2	5	1	87
127	1	0	1	5
128	2	5	1	129
129	1	0	1	10
130	2	5	1	9
131	2	5	1	55
132	2	5	1	123
133	1	0	1	7
134	2	5	1	58
135	1	0	1	10
136	2	5	1	53
137	1	0	1	5
138	2	5	1	58
139	1	0	1	5
140	2	5	1	102
141	1	0	1	6
142	2	5	1	84
143	1	0	1	5
144	2	5	1	20
145	1	0	1	2
146	2	5	1	16
147	1	0	1	5
148	2	5	1	134
149	1	0	1	8
150	2	5	1	54
151	1	0	1	5
152	2	5	1	14
153	1	0	1	5
154	2	5	1	125
155	1	0	1	12
156	2	5	1	30
157	1	0	1	8
158	2	5	1	75
159	2	5	1	29
160	1	0	1	5
161	2	5	1	61
162	2	5	1	22
163	1	0	1	5
164	2	5	1	26
165	2	5	1	126
166	2	5	1	12
167	2	5	1	25
168	1	0	1	5
169	2	5	1	137
170	1	0	1	4
171	2	5	1	123
172	1	0	1	8
173	2	5	1	61
174	1	0	1	13
175	2	5	1	26
176	1	0	1	13
177	2	5	1	23
178	1	0	1	7
179	2	5	1	56
180	1	0	1	6
181	2	5	1	121
182	1	0	1	7
183	2	5	1	18
184	1	0	1	5
185	2	5	1	130
186	2	5	1	79
187	1	0	1	7
188	2	5	1	56
189	2	5	1	134
190	1	0	1	19
191	2	5	1	22
192	1	0	1	5
193	2	5	1	102
194	1	0	1	5
195	2	5	1	134
196	1	0	1	11
197	2	5	1	26
198	2	5	1	63
199	2	5	1	65
200	1	0	1	5
201	2	5	1	14
202	1	0	1	10
203	2	5	1	51
204	1	0	1	19
205	2	5	1	33
206	1	0	1	6
207	2	5	1	46
208	1	0	1	34
209	2	5	1	19
210	2	5	1	59
211	1	0	1	13
212	2	5	1	65
213	1	0	1	5
214	2	5	1	137
215	1	0	1	10
216	2	5	1	127
217	1	0	1	4
218	2	5	1	104
219	1	0	1	7
220	2	5	1	55
221	1	0	1	5
222	2	5	1	144
223	1	0	1	5
224	2	5	1	111
225	1	0	1	5
226	2	5	1	85
227	1	0	1	7
228	2	5	1	62
229	1	0	1	19
230	2	5	1	11
231	1	0	1	5
232	2	5	1	111
233	2	5	1	127
234	1	0	1	5
235	2	5	1	18
236	1	0	1	5
237	2	5	1	115
238	1	0	1	5
239	2	5	1	90
240	2	5	1	133
241	2	5	1	13
242	1	0	1	4
243	2	5	1	120
244	1	0	1	12
245	2	5	1	24
246	2	5	1	26
247	2	5	1	29
248	1	0	1	5
249	2	5	1	106
250	1	0	1	19
251	2	5	1	7
252	1	0	1	5
253	2	5	1	65
254	1	0	1	9
255	2	5	1	84
256	2	5	1	65
257	2	5	1	56
258	1	0	1	17
259	2	5	1	101
260	2	5	1	59
261	2	5	1	105
262	2	5	1	68
263	2	5	1	122
264	1	0	1	8
265	2	5	1	55
266	2	5	1	138
267	2	5	1	23
268	1	0	1	7
269	2	5	1	70
270	2	5	1	37
271	1	0	1	8
272	2	5	1	20
273	2	5	1	106
274	1	0	1	6
275	2	5	1	24
276	1	0	1	5
277	2	5	1	104
278	1	0	1	9
279	2	5	1	129
280	2	5	1	34
281	2	5	1	121
282	1	0	1	5
283	2	5	1	138
284	2	5	1	135
285	2	5	1	73
286	1	0	1	12
287	2	5	1	24
288	1	0	1	5
289	2	5	1	139
290	1	0	1	19
291	2	5	1	28
292	1	0	1	4
293	2	5	1	116
294	2	5	1	50
295	1	0	1	5
296	2	5	1	120
297	1	0	1	5
298	2	5	1	91
299	1	0	1	5
300	2	5	1	71
301	1	0	1	6
302	2	5	1	123
303	2	5	1	19
304	1	0	1	36
305	2	5	1	102
306	1	0	1	5
307	2	5	1	125
308	1	0	1	19
309	2	5	1	35
310	1	0	1	20
311	2	5	1	10
312	1	0	1	6
313	2	5	1	131
314	1	0	1	12
315	2	5	1	25
316	1	0	1	5
317	2	5	1	118
318	2	5	1	5
319	2	5	1	30
320	2	5	1	142
321	1	0	1	5
322	2	5	1	136
323	2	5	1	51
324	2	5	1	123
325	2	5	1	28
326	1	0	1	5
327	2	5	1	117
328	2	5	1	26
329	1	0	1	18
330	2	5	1	42
331	1	0	1	7
332	2	5	1	51
333	1	0	1	6
334	2	5	1	58
335	1	0	1	18
336	2	5	1	9
337	1	0	1	5
338	2	5	1	134
339	1	0	1	19
340	2	5	1	24
341	2	5	1	69
342	1	0	1	17
343	2	5	1	30
344	1	0	1	11
345	2	5	1	8
346	2	5	1	57
347	2	5	1	23
348	2	5	1	19
349	1	0	1	7
350	2	5	1	61
351	1	0	1	17
352	2	5	1	135
353	2	5	1	64
354	1	0	1	5
355	2	5	1	87
356	1	0	1	8
357	2	5	1	52
358	1	0	1	4
359	2	5	1	118
360	2	5	1	126
361	2	5	1	130
362	2	5	1	130
363	2	5	1	57
364	2	5	1	58
365	2	5	1	28
366	2	5	1	55
367	1	0	1	8
368	2	5	1	81
369	1	0	1	12
370	2	5	1	25
371	1	0	1	7
372	2	5	1	47
373	1	0	1	5
374	2	5	1	43
375	1	0	1	10
376	2	5	1	113
377	2	5	1	24
378	1	0	1	17
379	2	5	1	5
380	2	5	1	7
381	1	0	1	10
382	2	5	1	117
383	1	0	1	5
384	2	5	1	142
385	2	5	1	22
386	1	0	1	7
387	2	5	1	57
388	2	5	1	71
389	2	5	1	66
390	1	0	1	7
391	2	5	1	64
392	1	0	1	29
393	2	5	1	59
394	2	5	1	59
395	2	5	1	36
396	2	5	1	13
397	1	0	1	8
398	2	5	1	51
399	2	5	1	142
400	1	0	1	8
401	2	5	1	58
402	2	5	1	6
403	1	0	1	8
404	2	5	1	54
405	2	5	1	140
406	2	5	1	75
407	1	0	1	5
408	2	5	1	64
409	1	0	1	7
410	2	5	1	58
411	2	5	1	101
412	1	0	1	7
413	2	5	1	55
414	2	5	1	56
415	2	5	1	130
416	2	5	1	25
417	2	5	1	125
418	2	5	1	7
419	2	5	1	69
420	2	5	1	120
421	2	5	1	22
422	2	5	1	11
423	1	0	1	11
424	2	5	1	14
425	2	5	1	99
426	2	5	1	58
427	2	5	1	13
428	2	5	1	58
429	2	5	1	56
430	2	5	1	80
431	2	5	1	25
432	1	0	1	16
433	2	5	1	96
434	1	0	1	38
435	2	5	1	1
436	2	5	1	19
437	2	5	1	30
438	1	0	1	8
439	2	5	1	60
440	2	5	1	21
441	2	5	1	61
442	2	5	1	129
443	1	0	1	20
444	2	5	1	30
445	2	5	1	9
446	2	5	1	52
447	2	5	1	51
448	1	0	1	5
449	2	5	1	89
450	1	0	1	7
451	2	5	1	49
452	2	5	1	124
453	2	5	1	55
454	2	5	1	6
455	2	5	1	58
456	2	5	1	27
457	2	5	1	19
458	2	5	1	59
459	2	5	1	90
460	1	0	1	5
461	2	5	1	44
462	2	5	1	17
463	2	5	1	10
464	2	5	1	133
465	2	5	1	25
466	2	5	1	29
467	2	5	1	10
468	2	5	1	60
469	2	5	1	64
470	2	5	1	10
471	1	0	1	6
472	2	5	1	59
473	2	5	1	128
474	2	5	1	58
475	2	5	1	27
476	2	5	1	63
477	1	0	1	5
478	2	5	1	97
479	2	5	1	13
480	2	5	1	129
481	2	5	1	17
482	1	0	1	10
483	2	5	1	23
484	2	5	1	56
485	1	0	1	5
486	2	5	1	104
487	2	5	1	25
488	2	5	1	1
489	1	0	1	11
490	2	5	1	29
491	2	5	1	59
492	2	5	1	128
493	2	5	1	8
494	2	5	1	110
495	2	5	1	27
496	2	5	1	15
497	2	5	1	56
498	2	5	1	27
499	2	5	1	54
500	2	5	1	27
501	2	5	1	72
502	2	5	1	25
503	2	5	1	61
504	2	5	1	58
505	2	5	1	21
506	1	0	1	6
507	2	5	1	94
508	2	5	1	26
509	2	5	1	131
510	2	5	1	52
511	2	5	1	126
512	2	5	1	11
513	2	5	1	13
514	2	5	1	19
515	2	5	1	21
516	2	5	1	29
517	2	5	1	54
518	1	0	1	5
519	2	5	1	16
520	2	5	1	14
521	2	5	1	138
522	2	5	1	27
523	2	5	1	24
524	2	5	1	82
525	2	5	1	39
526	2	5	1	55
527	1	0	1	7
528	2	5	1	22
529	2	5	1	126
530	2	5	1	21
531	2	5	1	52
532	2	5	1	53
533	1	0	1	11
534	2	5	1	20
535	2	5	1	26
536	2	5	1	5
537	2	5	1	60
538	2	5	1	64
539	2	5	1	62
540	2	5	1	37
541	2	5	1	28
542	2	5	1	30
543	2	5	1	66
544	2	5	1	93
545	2	5	1	27
546	1	0	1	16
547	2	5	1	32
548	2	5	1	62
549	2	5	1	106
550	1	0	1	5
551	2	5	1	63
552	2	5	1	50
553	2	5	1	129
554	2	5	1	30
555	1	0	1	8
556	2	5	1	56
557	1	0	1	10
558	2	5	1	23
559	2	5	1	47
560	1	0	1	6
561	2	5	1	93
562	2	5	1	15
563	2	5	1	135
564	1	0	1	18
565	2	5	1	6
566	2	5	1	31
567	2	5	1	50
568	2	5	1	6
569	2	5	1	49
570	2	5	1	2
571	2	5	1	31
572	1	0	1	10
573	2	5	1	22
574	2	5	1	18
575	2	5	1	24
576	2	5	1	57
577	2	5	1	131
578	2	5	1	64
579	2	5	1	56
580	2	5	1	63
581	2	5	1	128
582	2	5	1	26
583	2	5	1	8
584	2	5	1	49
585	2	5	1	37
586	2	5	1	20
587	2	5	1	85
588	2	5	1	125
589	2	5	1	55
590	2	5	1	52
591	2	5	1	21
592	2	5	1	130
593	2	5	1	54
594	1	0	1	12
595	2	5	1	21
596	2	5	1	12
597	1	0	1	11
598	2	5	1	23
599	2	5	1	26
600	2	5	1	23
601	2	5	1	122
602	2	5	1	23
603	2	5	1	126
604	2	5	1	28
605	2	5	1	40
606	2	5	1	24
607	2	5	1	20
608	2	5	1	14
609	2	5	1	24
610	2	5	1	129
611	2	5	1	9
612	2	5	1	60
613	2	5	1	10
614	2	5	1	11
615	1	0	1	10
616	2	5	1	30
617	2	5	1	17
618	2	5	1	133
619	2	5	1	123
620	2	5	1	26
621	2	5	1	9
622	2	5	1	26
623	1	0	1	30
624	2	5	1	53
625	1	0	1	5
626	2	5	1	127
627	2	5	1	9
628	2	5	1	93
629	2	5	1	7
630	2	5	1	69
631	2	5	1	28
632	1	0	1	5
633	2	5	1	21
634	2	5	1	62
635	2	5	1	127
636	1	0	1	19
637	2	5	1	12
638	2	5	1	28
639	2	5	1	69
640	1	0	1	2
641	2	5	1	16
642	2	5	1	93
643	2	5	1	29
644	2	5	1	17
645	2	5	1	19
646	2	5	1	45
647	1	0	1	2
648	2	5	1	15
649	2	5	1	84
650	2	5	1	11
651	1	0	1	7
652	2	5	1	60
653	2	5	1	44
654	1	0	1	7
655	2	5	1	10
656	2	5	1	25
657	1	0	1	5
658	2	5	1	126
659	2	5	1	58
660	2	5	1	108
661	2	5	1	38
662	2	5	1	22
663	2	5	1	24
664	2	5	1	49
665	2	5	1	136
666	2	5	1	8
667	2	5	1	77
668	2	5	1	66
669	1	0	1	5
670	2	5	1	22
671	2	5	1	55
672	2	5	1	21
673	2	5	1	47
674	1	0	1	5
675	2	5	1	126
676	2	5	1	10
677	2	5	1	60
678	2	5	1	45
679	2	5	1	27
680	2	5	1	10
681	2	5	1	65
682	2	5	1	24
683	2	5	1	17
684	2	5	1	20
685	2	5	1	9
686	2	5	1	55
687	2	5	1	119
688	2	5	1	55
689	2	5	1	9
690	1	0	1	14
691	2	5	1	22
692	2	5	1	43
693	2	5	1	55
694	2	5	1	8
695	2	5	1	65
696	2	5	1	25
697	2	5	1	56
698	2	5	1	23
699	2	5	1	35
700	1	0	1	5
701	2	5	1	99
702	2	5	1	19
703	2	5	1	130
704	1	0	1	5
705	2	5	1	125
706	2	5	1	9
707	2	5	1	111
708	2	5	1	11
709	2	5	1	25
710	2	5	1	70
711	2	5	1	68
712	2	5	1	4
713	2	5	1	26
714	2	5	1	127
715	1	0	1	6
716	2	5	1	32
717	2	5	1	60
718	2	5	1	60
719	2	5	1	19
720	1	0	1	18
721	2	5	1	12
722	2	5	1	10
723	2	5	1	20
724	2	5	1	58
725	2	5	1	135
726	2	5	1	39
727	2	5	1	7
728	2	5	1	57
729	2	5	1	22
730	2	5	1	9
731	2	5	1	21
732	2	5	1	23
733	1	0	1	4
734	2	5	1	122
735	2	5	1	59
736	2	5	1	111
737	2	5	1	18
738	2	5	1	21
739	2	5	1	133
740	1	0	1	12
741	2	5	1	31
742	2	5	1	47
743	2	5	1	77
744	2	5	1	25
745	2	5	1	54
746	2	5	1	15
747	2	5	1	27
748	1	0	1	19
749	2	5	1	7
750	2	5	1	51
751	2	5	1	10
752	2	5	1	55
753	2	5	1	7
754	1	0	1	5
755	2	5	1	81
756	2	5	1	55
757	2	5	1	126
758	2	5	1	17
759	2	5	1	8
760	2	5	1	94
761	2	5	1	16
762	2	5	1	28
763	2	5	1	34
764	2	5	1	65
765	2	5	1	40
766	2	5	1	67
767	1	0	1	32
768	2	5	1	39
769	2	5	1	29
770	2	5	1	128
771	2	5	1	106
772	2	5	1	2
773	2	5	1	124
774	1	0	1	7
775	2	5	1	25
776	2	5	1	7
777	2	5	1	61
778	2	5	1	61
779	2	5	1	24
780	2	5	1	6
781	2	5	1	61
782	2	5	1	23
783	2	5	1	14
784	2	5	1	93
785	2	5	1	33
786	1	0	1	17
787	2	5	1	9
788	2	5	1	31
789	2	5	1	16
790	2	5	1	31
791	2	5	1	62
792	2	5	1	30
793	2	5	1	20
794	2	5	1	123
795	2	5	1	49
796	2	5	1	9
797	2	5	1	15
798	1	0	1	6
799	2	5	1	18
800	2	5	1	49
801	1	0	1	4
802	2	5	1	134
803	2	5	1	29
804	2	5	1	99
805	2	5	1	52
806	2	5	1	23
807	1	0	1	8
808	2	5	1	24
809	2	5	1	42
810	1	0	1	16
811	2	5	1	103
812	2	5	1	20
813	2	5	1	130
814	2	5	1	10
815	2	5	1	11
816	2	5	1	52
817	1	0	1	5
818	2	5	1	58
819	2	5	1	9
820	2	5	1	22
821	2	5	1	9
822	2	5	1	52
823	2	5	1	35
824	2	5	1	61
825	2	5	1	32
826	1	0	1	11
827	2	5	1	92
828	2	5	1	20
829	1	0	1	3
830	2	5	1	82
831	2	5	1	60
832	1	0	1	6
833	2	5	1	122
834	2	5	1	56
835	2	5	1	27
836	2	5	1	9
837	2	5	1	60
838	2	5	1	18
839	1	0	1	5
840	2	5	1	76
841	2	5	1	124
842	1	0	1	7
843	2	5	1	60
844	2	5	1	30
845	2	5	1	7
846	2	5	1	16
847	2	5	1	26
848	2	5	1	56
849	2	5	1	10
850	2	5	1	15
851	2	5	1	103
852	2	5	1	21
853	1	0	1	8
854	2	5	1	34
855	2	5	1	22
856	2	5	1	56
857	2	5	1	22
858	2	5	1	134
859	2	5	1	59
860	2	5	1	96
861	2	5	1	27
862	2	5	1	15
863	2	5	1	9
864	2	5	1	24
865	2	5	1	58
866	1	0	1	5
867	2	5	1	136
868	2	5	1	21
869	2	5	1	72
870	2	5	1	21
871	1	0	1	21
872	2	5	1	32
873	2	5	1	19
874	2	5	1	7
875	2	5	1	122
876	2	5	1	48
877	2	5	1	12
878	2	5	1	52
879	2	5	1	11
880	2	5	1	9
881	2	5	1	9
882	2	5	1	17
883	2	5	1	8
884	2	5	1	25
885	2	5	1	20
886	2	5	1	57
887	2	5	1	131
888	2	5	1	62
889	2	5	1	29
890	2	5	1	11
891	2	5	1	6
892	2	5	1	49
893	1	0	1	6
894	2	5	1	136
895	2	5	1	29
896	2	5	1	12
897	2	5	1	10
898	2	5	1	52
899	2	5	1	29
900	2	5	1	10
901	2	5	1	130
902	2	5	1	57
903	2	5	1	46
904	2	5	1	23
905	2	5	1	12
906	2	5	1	126
907	2	5	1	53
908	2	5	1	136
909	2	5	1	21
910	2	5	1	16
911	2	5	1	44
912	2	5	1	11
913	2	5	1	36
914	2	5	1	57
915	2	5	1	119
916	2	5	1	23
917	2	5	1	69
918	2	5	1	43
919	2	5	1	62
920	2	5	1	64
921	2	5	1	16
922	2	5	1	64
923	2	5	1	62
924	2	5	1	60
925	2	5	1	127
926	2	5	1	6
927	2	5	1	33
928	2	5	1	44
929	2	5	1	52
930	2	5	1	90
931	2	5	1	11
932	2	5	1	20
933	2	5	1	109
934	2	5	1	2
935	2	5	1	60
936	2	5	1	63
937	2	5	1	23
938	2	5	1	3
939	2	5	1	127
940	1	0	1	7
941	2	5	1	48
942	2	5	1	4
943	2	5	1	26
944	2	5	1	119
945	2	5	1	54
946	2	5	1	73
947	2	5	1	8
948	2	5	1	8
949	2	5	1	12
950	2	5	1	33
951	2	5	1	1
952	2	5	1	60
953	2	5	1	7
954	2	5	1	24
955	2	5	1	90
956	2	5	1	126
957	2	5	1	8
958	2	5	1	65
959	1	0	1	7
960	2	5	1	55
961	2	5	1	71
962	2	5	1	57
963	2	5	1	21
964	2	5	1	30
965	2	5	1	31
966	2	5	1	18
967	2	5	1	94
968	2	5	1	64
969	2	5	1	8
970	2	5	1	10
971	2	5	1	22
972	2	5	1	49
973	2	5	1	25
974	2	5	1	114
975	2	5	1	30
976	2	5	1	10
977	2	5	1	11
978	2	5	1	118
979	2	5	1	17
980	2	5	1	110
981	2	5	1	55
982	1	0	1	5
983	2	5	1	10
984	2	5	1	139
985	2	5	1	9
986	2	5	1	8
987	2	5	1	17
988	2	5	1	86
989	2	5	1	40
990	2	5	1	9
991	2	5	1	98
992	2	5	1	27
993	2	5	1	8
994	1	0	1	5
995	2	5	1	139
996	2	5	1	23
997	1	0	1	10
998	2	5	1	41
999	2	5	1	61
1000	2	5	1	22
1001	2	5	1	75
1002	1	0	1	6
1003	2	5	1	133
1004	2	5	1	54
1005	2	5	1	7
1006	2	5	1	47
1007	2	5	1	24
1008	2	5	1	13
1009	2	5	1	10
1010	2	5	1	6
1011	2	5	1	28
1012	2	5	1	61
1013	2	5	1	21
1014	2	5	1	87
1015	2	5	1	9
1016	2	5	1	114
1017	2	5	1	14
1018	2	5	1	22
1019	2	5	1	11
1020	2	5	1	24
1021	1	0	1	5
1022	2	5	1	121
1023	2	5	1	12
1024	2	5	1	109
1025	2	5	1	64
1026	2	5	1	2
1027	2	5	1	26
1028	2	5	1	30
1029	2	5	1	27
1030	2	5	1	23
1031	2	5	1	29
1032	2	5	1	58
1033	2	5	1	9
1034	1	0	1	9
1035	2	5	1	52
1036	2	5	1	131
1037	2	5	1	24
1038	2	5	1	45
1039	2	5	1	7
1040	2	5	1	16
1041	2	5	1	21
1042	2	5	1	23
1043	2	5	1	6
1044	2	5	1	53
1045	2	5	1	26
1046	2	5	1	51
1047	2	5	1	25
1048	2	5	1	17
1049	2	5	1	26
1050	2	5	1	12
1051	2	5	1	32
1052	2	5	1	3
1053	1	0	1	7
1054	2	5	1	51
1055	1	0	1	5
1056	2	5	1	57
1057	2	5	1	55
1058	2	5	1	14
1059	2	5	1	2
1060	2	5	1	126
1061	2	5	1	13
1062	2	5	1	15
1063	2	5	1	55
1064	2	5	1	63
1065	2	5	1	28
1066	2	5	1	17
1067	2	5	1	3
1068	2	5	1	56
1069	2	5	1	28
1070	1	0	1	5
1071	2	5	1	94
1072	2	5	1	52
1073	2	5	1	1
1074	2	5	1	59
1075	2	5	1	130
1076	2	5	1	11
1077	2	5	1	9
1078	2	5	1	25
1079	2	5	1	37
1080	2	5	1	95
1081	2	5	1	77
1082	2	5	1	124
1083	2	5	1	7
1084	1	0	1	5
1085	2	5	1	1
1086	2	5	1	134
1087	2	5	1	21
1088	2	5	1	48
1089	2	5	1	102
1090	2	5	1	21
1091	2	5	1	26
1092	2	5	1	53
1093	2	5	1	82
1094	2	5	1	3
1095	1	0	1	5
1096	2	5	1	60
1097	2	5	1	47
1098	2	5	1	13
1099	2	5	1	114
1100	2	5	1	26
1101	2	5	1	21
1102	2	5	1	64
1103	2	5	1	20
1104	2	5	1	53
1105	2	5	1	58
1106	2	5	1	7
1107	2	5	1	23
1108	2	5	1	25
1109	2	5	1	8
1110	2	5	1	131
1111	2	5	1	18
1112	2	5	1	24
1113	2	5	1	20
1114	2	5	1	118
1115	2	5	1	23
1116	2	5	1	60
1117	2	5	1	88
1118	2	5	1	24
1119	2	5	1	45
1120	1	0	1	12
1121	2	5	1	25
1122	2	5	1	61
1123	2	5	1	58
1124	2	5	1	53
1125	2	5	1	66
1126	2	5	1	20
1127	2	5	1	51
1128	2	5	1	28
1129	2	5	1	126
1130	2	5	1	20
1131	2	5	1	6
1132	2	5	1	19
1133	2	5	1	9
1134	2	5	1	60
1135	2	5	1	47
1136	2	5	1	116
1137	2	5	1	9
1138	2	5	1	2
1139	2	5	1	55
1140	2	5	1	61
1141	2	5	1	26
1142	2	5	1	15
1143	2	5	1	55
1144	2	5	1	34
1145	2	5	1	14
1146	2	5	1	106
1147	2	5	1	54
1148	1	0	1	5
1149	2	5	1	81
1150	2	5	1	130
1151	1	0	1	8
1152	2	5	1	47
1153	2	5	1	2
1154	2	5	1	30
1155	2	5	1	51
1156	2	5	1	64
1157	2	5	1	11
1158	2	5	1	16
1159	2	5	1	60
1160	2	5	1	17
1161	2	5	1	8
1162	2	5	1	20
1163	2	5	1	33
1164	1	0	1	6
1165	2	5	1	52
1166	2	5	1	66
1167	2	5	1	11
1168	2	5	1	1
1169	2	5	1	62
1170	2	5	1	134
1171	2	5	1	7
1172	2	5	1	21
1173	2	5	1	37
1174	2	5	1	58
1175	2	5	1	6
1176	2	5	1	21
1177	2	5	1	113
1178	2	5	1	21
1179	2	5	1	53
1180	2	5	1	115
1181	2	5	1	9
1182	2	5	1	12
1183	2	5	1	11
1184	2	5	1	18
1185	2	5	1	62
1186	2	5	1	11
1187	1	0	1	5
1188	2	5	1	136
1189	2	5	1	58
1190	2	5	1	87
1191	2	5	1	18
1192	2	5	1	47
1193	2	5	1	49
1194	2	5	1	22
1195	2	5	1	15
1196	2	5	1	60
1197	2	5	1	26
1198	2	5	1	29
1199	2	5	1	20
1200	2	5	1	19
1201	2	5	1	1
1202	2	5	1	25
1203	2	5	1	54
1204	2	5	1	22
1205	2	5	1	4
1206	2	5	1	11
1207	2	5	1	20
1208	2	5	1	51
1209	2	5	1	18
1210	2	5	1	23
1211	2	5	1	26
1212	2	5	1	25
1213	2	5	1	47
1214	2	5	1	25
1215	2	5	1	23
1216	2	5	1	125
1217	2	5	1	6
1218	2	5	1	17
1219	2	5	1	12
1220	2	5	1	11
1221	2	5	1	15
1222	2	5	1	41
1223	2	5	1	50
1224	2	5	1	18
1225	2	5	1	46
1226	2	5	1	8
1227	2	5	1	24
1228	2	5	1	9
1229	2	5	1	16
1230	2	5	1	32
1231	2	5	1	54
1232	2	5	1	13
1233	2	5	1	26
1234	2	5	1	18
1235	2	5	1	61
1236	2	5	1	52
1237	2	5	1	57
1238	2	5	1	23
1239	2	5	1	59
1240	2	5	1	64
1241	2	5	1	23
1242	2	5	1	37
1243	2	5	1	6
1244	2	5	1	10
1245	2	5	1	56
1246	2	5	1	19
1247	2	5	1	10
1248	2	5	1	9
1249	2	5	1	50
1250	2	5	1	10
1251	2	5	1	25
1252	2	5	1	4
1253	2	5	1	11
1254	2	5	1	8
1255	2	5	1	12
1256	2	5	1	10
1257	2	5	1	17
1258	2	5	1	8
1259	2	5	1	18
1260	2	5	1	12
1261	2	5	1	48
1262	2	5	1	28
1263	2	5	1	14
1264	2	5	1	40
1265	2	5	1	5
1266	2	5	1	13
1267	2	5	1	22
1268	2	5	1	23
1269	2	5	1	27
1270	2	5	1	6
1271	2	5	1	28
1272	2	5	1	10
1273	2	5	1	12
1274	2	5	1	7
1275	2	5	1	16
1276	2	5	1	19
1277	2	5	1	33
1278	2	5	1	5
1279	2	5	1	19
1280	2	5	1	1
1281	2	5	1	9
1282	2	5	1	7
1283	2	5	1	21
1284	2	5	1	7
1285	2	5	1	1
1286	2	5	1	9
1287	2	5	1	22
1288	2	5	1	9
1289	2	5	1	27
1290	2	5	1	10
1291	2	5	1	6
1292	2	5	1	23
1293	2	5	1	13
1294	2	5	1	11
1295	2	5	1	5
1296	2	5	1	16
1297	2	5	1	8
1298	2	5	1	4
1299	2	5	1	10
1300	2	5	1	16
1301	2	5	1	24
1302	2	5	1	3
1303	2	5	1	7
1304	2	5	1	2
1305	2	5	1	9
1306	2	5	1	13
1307	2	5	1	19
1308	2	5	1	48
1309	2	5	1	23
1310	2	5	1	10
1311	2	5	1	6
1312	2	5	1	6
1313	2	5	1	18
1314	2	5	1	8
1315	2	5	1	1
1316	2	5	1	11
1317	2	5	1	11
1318	2	5	1	32
1319	2	5	1	9
1320	2	5	1	20
1321	2	5	1	19
1322	2	5	1	10
1323	2	5	1	24
1324	2	5	1	20
1325	2	5	1	10
1326	2	5	1	11
1327	2	5	1	6
1328	2	5	1	19
1329	2	5	1	9
1330	2	5	1	23
1331	2	5	1	16
1332	2	5	1	7
1333	2	5	1	29
1334	2	5	1	11
1335	2	5	1	2
1336	2	5	1	16
1337	2	5	1	10
1338	2	5	1	28
1339	2	5	1	17
1340	2	5	1	12
1341	2	5	1	11
1342	2	5	1	11
1343	2	5	1	7
1344	2	5	1	21
1345	2	5	1	7
1346	2	5	1	20
1347	2	5	1	12
1348	2	5	1	22
1349	2	5	1	1
1350	2	5	1	6
1351	2	5	1	24
1352	2	5	1	15
1353	2	5	1	2
1354	2	5	1	24
1355	2	5	1	8
1356	2	5	1	10
1357	2	5	1	10
1358	2	5	1	6
1359	2	5	1	12
1360	2	5	1	8
1361	2	5	1	16
1362	2	5	1	2
1363	2	5	1	8
1364	2	5	1	11
1365	2	5	1	24
1366	2	5	1	30
1367	2	5	1	27
1368	2	5	1	15
1369	2	5	1	9
1370	2	5	1	11
1371	2	5	1	24
1372	2	5	1	5
1373	2	5	1	23
1374	2	5	1	8
1375	2	5	1	12
1376	2	5	1	2
1377	2	5	1	20
1378	2	5	1	23
1379	2	5	1	5
1380	2	5	1	11
1381	2	5	1	26
1382	2	5	1	8
1383	2	5	1	24
1384	2	5	1	1
1385	2	5	1	30
1386	2	5	1	4
1387	2	5	1	13
1388	2	5	1	8
1389	2	5	1	2
1390	2	5	1	4
1391	2	5	1	11
1392	2	5	1	22
1393	2	5	1	13
1394	2	5	1	4
1395	2	5	1	19
1396	2	5	1	56
1397	2	5	1	6
1398	2	5	1	16
1399	2	5	1	11
1400	2	5	1	20
1401	2	5	1	18
1402	2	5	1	9
1403	2	5	1	53
1404	2	5	1	6
1405	2	5	1	23
1406	2	5	1	51
1407	2	5	1	12
1408	2	5	1	1
1409	2	5	1	9
1410	2	5	1	10
1411	2	5	1	14
1412	2	5	1	49
1413	2	5	1	9
1414	2	5	1	19
1415	2	5	1	5
1416	2	5	1	5
1417	2	5	1	9
1418	2	5	1	14
1419	2	5	1	42
1420	1	0	1	3
1421	2	5	1	17
1422	2	5	1	7
1423	2	5	1	26
1424	2	5	1	8
1425	2	5	1	26
1426	2	5	1	25
1427	2	5	1	10
1428	2	5	1	11
1429	2	5	1	16
1430	2	5	1	1
1431	2	5	1	11
1432	2	5	1	24
1433	2	5	1	7
1434	2	5	1	28
1435	2	5	1	8
1436	2	5	1	54
1437	2	5	1	18
1438	2	5	1	11
1439	2	5	1	7
1440	2	5	1	9
1441	2	5	1	7
1442	2	5	1	6
1443	2	5	1	69
1444	2	5	1	21
1445	2	5	1	8
1446	2	5	1	3
1447	2	5	1	5
1448	2	5	1	8
1449	2	5	1	24
1450	2	5	1	19
1451	2	5	1	10
1452	2	5	1	28
1453	2	5	1	7
1454	2	5	1	12
1455	2	5	1	11
1456	2	5	1	5
1457	2	5	1	19
1458	2	5	1	11
1459	2	5	1	25
1460	2	5	1	26
1461	2	5	1	18
1462	2	5	1	7
1463	2	5	1	25
1464	2	5	1	12
1465	2	5	1	13
1466	2	5	1	20
1467	2	5	1	16
1468	2	5	1	12
1469	2	5	1	9
1470	2	5	1	23
1471	2	5	1	8
1472	2	5	1	18
1473	2	5	1	9
1474	2	5	1	16
1475	2	5	1	19
1476	2	5	1	8
1477	2	5	1	17
1478	2	5	1	21
1479	2	5	1	11
1480	2	5	1	22
1481	2	5	1	17
1482	2	5	1	5
1483	2	5	1	19
1484	2	5	1	11
1485	2	5	1	7
1486	2	5	1	14
1487	2	5	1	16
1488	2	5	1	18
1489	2	5	1	23
1490	2	5	1	1
1491	2	5	1	36
1492	2	5	1	27
1493	2	5	1	7
1494	2	5	1	20
1495	2	5	1	8
1496	2	5	1	60
1497	2	5	1	21
1498	2	5	1	2
1499	2	5	1	9
1500	2	5	1	22
1501	2	5	1	21
1502	2	5	1	1
1503	2	5	1	9
1504	2	5	1	6
1505	2	5	1	20
1506	2	5	1	9
1507	2	5	1	9
1508	2	5	1	26
1509	2	5	1	21
1510	2	5	1	15
1511	2	5	1	22
1512	2	5	1	27
1513	2	5	1	20
1514	2	5	1	23
1515	2	5	1	10
1516	2	5	1	2
1517	2	5	1	26
1518	2	5	1	23
1519	2	5	1	5
1520	2	5	1	18
1521	2	5	1	10
1522	2	5	1	15
1523	2	5	1	7
1524	2	5	1	7
1525	2	5	1	27
1526	2	5	1	18
1527	2	5	1	12
1528	2	5	1	5
1529	2	5	1	11
1530	2	5	1	22
1531	2	5	1	7
1532	2	5	1	19
1533	2	5	1	6
1534	2	5	1	11
1535	2	5	1	3
1536	2	5	1	9
1537	2	5	1	19
1538	2	5	1	16
1539	2	5	1	7
1540	2	5	1	16
1541	2	5	1	7
1542	2	5	1	5
1543	2	5	1	17
1544	2	5	1	7
1545	2	5	1	11
1546	2	5	1	5
1547	2	5	1	18
1548	2	5	1	17
1549	2	5	1	5
1550	2	5	1	10
1551	2	5	1	21
1552	2	5	1	2
1553	2	5	1	19
1554	2	5	1	54
1555	2	5	1	24
1556	2	5	1	3
1557	2	5	1	12
1558	2	5	1	9
1559	2	5	1	5
1560	2	5	1	41
1561	2	5	1	29
1562	2	5	1	15
1563	2	5	1	8
1564	2	5	1	21
1565	2	5	1	9
1566	2	5	1	44
1567	2	5	1	7
1568	2	5	1	24
1569	2	5	1	14
1570	2	5	1	130
1571	2	5	1	25
1572	2	5	1	21
1573	2	5	1	9
1574	2	5	1	10
1575	2	5	1	48
1576	2	5	1	10
1577	2	5	1	20
1578	2	5	1	4
1579	2	5	1	12
1580	2	5	1	32
1581	2	5	1	13
1582	2	5	1	17
1583	2	5	1	1
1584	2	5	1	9
1585	2	5	1	18
1586	2	5	1	13
1587	2	5	1	4
1588	2	5	1	52
1589	2	5	1	18
1590	2	5	1	10
1591	2	5	1	5
1592	2	5	1	1
1593	2	5	1	54
1594	2	5	1	27
1595	2	5	1	7
1596	2	5	1	11
1597	2	5	1	6
1598	2	5	1	3
1599	2	5	1	20
1600	2	5	1	7
1601	2	5	1	6
1602	2	5	1	13
1603	2	5	1	4
1604	2	5	1	24
1605	2	5	1	5
1606	2	5	1	7
1607	2	5	1	17
1608	2	5	1	8
1609	2	5	1	40
1610	2	5	1	19
1611	2	5	1	3
1612	2	5	1	6
1613	2	5	1	9
1614	2	5	1	28
1615	2	5	1	17
1616	2	5	1	34
1617	2	5	1	6
1618	2	5	1	23
1619	2	5	1	23
1620	2	5	1	10
1621	2	5	1	104
1622	2	5	1	13
1623	2	5	1	7
1624	2	5	1	9
1625	2	5	1	21
1626	2	5	1	21
1627	2	5	1	19
1628	2	5	1	30
1629	2	5	1	5
1630	2	5	1	6
1631	2	5	1	73
1632	2	5	1	19
1633	2	5	1	21
1634	2	5	1	14
1635	2	5	1	29
1636	2	5	1	7
1637	2	5	1	6
1638	2	5	1	14
1639	2	5	1	1
1640	2	5	1	26
1641	2	5	1	35
1642	2	5	1	10
1643	2	5	1	19
1644	2	5	1	23
1645	1	0	1	7
1646	2	5	1	7
1647	2	5	1	27
1648	2	5	1	2
1649	2	5	1	6
1650	2	5	1	6
1651	2	5	1	12
1652	2	5	1	19
1653	2	5	1	2
1654	2	5	1	17
1655	2	5	1	66
1656	2	5	1	6
1657	2	5	1	24
1658	1	0	1	2
1659	2	5	1	17
1660	2	5	1	10
1661	2	5	1	6
1662	2	5	1	21
1663	1	0	1	2
1664	2	5	1	18
1665	2	5	1	33
1666	2	5	1	10
1667	2	5	1	11
1668	2	5	1	9
1669	2	5	1	23
1670	2	5	1	9
1671	2	5	1	5
1672	2	5	1	17
1673	2	5	1	7
1674	2	5	1	9
1675	2	5	1	15
1676	2	5	1	56
1677	2	5	1	64
1678	2	5	1	4
1679	2	5	1	19
1680	2	5	1	10
1681	2	5	1	30
1682	2	5	1	23
1683	2	5	1	15
1684	2	5	1	9
1685	2	5	1	17
1686	2	5	1	3
1687	2	5	1	9
1688	2	5	1	1
1689	2	5	1	18
1690	2	5	1	11
1691	2	5	1	19
1692	2	5	1	58
1693	2	5	1	9
1694	2	5	1	24
1695	2	5	1	19
1696	2	5	1	7
1697	2	5	1	21
1698	2	5	1	8
1699	2	5	1	58
1700	2	5	1	8
1701	2	5	1	9
1702	2	5	1	23
1703	2	5	1	28
1704	2	5	1	9
1705	2	5	1	10
1706	2	5	1	9
1707	2	5	1	10
1708	2	5	1	8
1709	2	5	1	8
1710	2	5	1	25
1711	2	5	1	20
1712	2	5	1	26
1713	2	5	1	4
1714	2	5	1	63
1715	2	5	1	10
1716	2	5	1	16
1717	2	5	1	21
1718	2	5	1	12
1719	2	5	1	16
1720	2	5	1	7
1721	2	5	1	13
1722	2	5	1	1
1723	2	5	1	51
1724	2	5	1	22
1725	2	5	1	14
1726	2	5	1	16
1727	2	5	1	1
1728	2	5	1	61
1729	2	5	1	15
1730	2	5	1	9
1731	2	5	1	41
1732	2	5	1	4
1733	2	5	1	11
1734	2	5	1	17
1735	2	5	1	15
1736	2	5	1	24
1737	2	5	1	8
1738	2	5	1	13
1739	2	5	1	6
1740	2	5	1	19
1741	2	5	1	13
1742	2	5	1	31
1743	2	5	1	15
1744	2	5	1	7
1745	2	5	1	10
1746	2	5	1	22
1747	2	5	1	11
1748	2	5	1	9
1749	2	5	1	8
1750	2	5	1	11
1751	2	5	1	20
1752	2	5	1	22
1753	2	5	1	21
1754	2	5	1	9
1755	2	5	1	8
1756	2	5	1	6
1757	2	5	1	10
1758	2	5	1	39
1759	2	5	1	18
1760	2	5	1	1
1761	2	5	1	24
1762	2	5	1	3
1763	2	5	1	24
1764	2	5	1	10
1765	2	5	1	30
1766	2	5	1	9
1767	2	5	1	9
1768	2	5	1	10
1769	2	5	1	17
1770	2	5	1	11
1771	2	5	1	7
1772	2	5	1	10
1773	2	5	1	37
1774	2	5	1	23
1775	2	5	1	19
1776	2	5	1	6
1777	2	5	1	22
1778	2	5	1	12
1779	2	5	1	10
1780	2	5	1	3
1781	2	5	1	17
1782	2	5	1	6
1783	2	5	1	22
1784	2	5	1	14
1785	2	5	1	23
1786	2	5	1	23
1787	2	5	1	29
1788	2	5	1	7
1789	2	5	1	2
1790	2	5	1	18
1791	2	5	1	56
1792	2	5	1	60
1793	2	5	1	26
1794	2	5	1	29
1795	2	5	1	20
1796	2	5	1	8
1797	2	5	1	9
1798	2	5	1	11
1799	2	5	1	2
1800	2	5	1	10
1801	2	5	1	3
1802	2	5	1	10
1803	2	5	1	13
1804	2	5	1	16
1805	2	5	1	6
1806	2	5	1	20
1807	2	5	1	9
1808	2	5	1	14
1809	2	5	1	26
1810	2	5	1	15
1811	2	5	1	2
1812	2	5	1	9
1813	2	5	1	11
1814	2	5	1	8
1815	2	5	1	11
1816	2	5	1	8
1817	2	5	1	11
1818	2	5	1	45
1819	2	5	1	11
1820	2	5	1	15
1821	2	5	1	25
1822	2	5	1	14
1823	2	5	1	5
1824	2	5	1	50
1825	2	5	1	7
1826	2	5	1	25
1827	2	5	1	21
1828	2	5	1	7
1829	2	5	1	17
1830	2	5	1	71
1831	2	5	1	26
1832	2	5	1	10
1833	2	5	1	18
1834	2	5	1	7
1835	2	5	1	3
1836	2	5	1	24
1837	2	5	1	19
1838	2	5	1	54
1839	2	5	1	20
1840	2	5	1	15
1841	2	5	1	13
1842	2	5	1	22
1843	2	5	1	22
1844	2	5	1	5
1845	2	5	1	8
1846	2	5	1	5
1847	2	5	1	7
1848	2	5	1	16
1849	2	5	1	28
1850	2	5	1	27
1851	2	5	1	8
1852	2	5	1	39
1853	2	5	1	21
1854	2	5	1	10
1855	2	5	1	30
1856	2	5	1	7
1857	2	5	1	14
1858	2	5	1	20
1859	2	5	1	9
1860	2	5	1	1
1861	2	5	1	9
1862	2	5	1	20
1863	2	5	1	15
1864	2	5	1	18
1865	2	5	1	6
1866	2	5	1	3
1867	2	5	1	2
1868	2	5	1	8
1869	2	5	1	19
1870	2	5	1	9
1871	2	5	1	9
1872	2	5	1	19
1873	2	5	1	12
1874	2	5	1	5
1875	2	5	1	14
1876	2	5	1	8
1877	2	5	1	9
1878	2	5	1	20
1879	2	5	1	7
1880	2	5	1	49
1881	2	5	1	18
1882	2	5	1	120
1883	2	5	1	9
1884	2	5	1	56
1885	2	5	1	14
1886	2	5	1	18
1887	2	5	1	19
1888	2	5	1	15
1889	2	5	1	8
1890	2	5	1	18
1891	2	5	1	23
1892	2	5	1	33
1893	2	5	1	35
1894	2	5	1	5
1895	2	5	1	6
1896	2	5	1	24
1897	2	5	1	7
1898	2	5	1	10
1899	2	5	1	20
1900	2	5	1	9
1901	2	5	1	4
1902	2	5	1	24
1903	2	5	1	8
1904	2	5	1	18
1905	2	5	1	14
1906	2	5	1	21
1907	2	5	1	47
1908	2	5	1	9
1909	2	5	1	9
1910	2	5	1	16
1911	2	5	1	1
1912	2	5	1	10
1913	2	5	1	14
1914	2	5	1	4
1915	2	5	1	22
1916	2	5	1	21
1917	2	5	1	10
1918	2	5	1	14
1919	2	5	1	22
1920	2	5	1	2
1921	2	5	1	9
1922	2	5	1	14
1923	2	5	1	1
1924	2	5	1	4
1925	2	5	1	16
1926	2	5	1	13
1927	2	5	1	7
1928	2	5	1	1
1929	2	5	1	3
1930	2	5	1	2
1931	2	5	1	12
1932	2	5	1	14
1933	2	5	1	18
1934	2	5	1	9
1935	2	5	1	9
1936	1	0	1	2
1937	2	5	1	14
1938	2	5	1	13
1939	2	5	1	11
1940	2	5	1	9
1941	2	5	1	25
1942	2	5	1	8
1943	2	5	1	1
1944	2	5	1	7
1945	2	5	1	8
1946	2	5	1	1
1947	2	5	1	17
1948	2	5	1	1
1949	2	5	1	2
1950	2	5	1	3
1951	2	5	1	1
1952	2	5	1	14
1953	2	5	1	11
1954	2	5	1	9
1955	2	5	1	8
1956	2	5	1	23
1957	2	5	1	5
1958	2	5	1	7
1959	2	5	1	21
1960	2	5	1	9
1961	2	5	1	2
1962	2	5	1	19
1963	2	5	1	10
1964	2	5	1	6
1965	2	5	1	21
1966	2	5	1	9
1967	2	5	1	2
1968	2	5	1	4
1969	2	5	1	7
1970	2	5	1	8
1971	2	5	1	5
1972	2	5	1	3
1973	2	5	1	1
1974	2	5	1	14
1975	2	5	1	11
1976	2	5	1	2
1977	2	5	1	15
1978	2	5	1	9
1979	2	5	1	13
1980	2	5	1	15
1981	2	5	1	3
1982	2	5	1	6
1983	2	5	1	8
1984	2	5	1	19
1985	2	5	1	11
1986	2	5	1	6
1987	2	5	1	3
1988	2	5	1	2
1989	2	5	1	1
1990	2	5	1	1
1991	2	5	1	3
1992	2	5	1	5
1993	2	5	1	7
1994	2	5	1	2
1995	2	5	1	7
1996	2	5	1	1
1997	2	5	1	8
1998	2	5	1	6
1999	2	5	1	6
2000	2	5	1	5
2001	2	5	1	7
2002	2	5	1	1
2003	2	5	1	4
2004	2	5	1	3
2005	2	5	1	6
2006	2	5	1	7
2007	2	5	1	6
2008	2	5	1	4
2009	2	5	1	11
2010	2	5	1	1
2011	2	5	1	2
2012	2	5	1	20
2013	2	5	1	13
2014	2	5	1	8
2015	2	5	1	7
2016	2	5	1	8
2017	2	5	1	1
2018	2	5	1	1
2019	2	5	1	6
2020	2	5	1	21
2021	2	5	1	8
2022	2	5	1	10
2023	2	5	1	7
2024	2	5	1	19
2025	2	5	1	7
2026	2	5	1	5
2027	2	5	1	1
2028	2	5	1	16
2029	2	5	1	4
2030	2	5	1	6
2031	2	5	1	10
2032	2	5	1	5
2033	2	5	1	1
2034	2	5	1	21
2035	2	5	1	4
2036	2	5	1	1
2037	2	5	1	16
2038	2	5	1	2
2039	2	5	1	4
2040	2	5	1	3
2041	2	5	1	7
2042	2	5	1	3
2043	2	5	1	3
2044	2	5	1	2
2045	2	5	1	2
2046	2	5	1	1
2047	2	5	1	3
2048	2	5	1	2
2049	2	5	1	1
2050	2	5	1	9
2051	2	5	1	5
2052	2	5	1	3
2053	2	5	1	6
2054	2	5	1	10
2055	2	5	1	1
2056	2	5	1	9
2057	2	5	1	7
2058	2	5	1	2
2059	2	5	1	10
2060	2	5	1	11
2061	2	5	1	4
2062	2	5	1	5
2063	2	5	1	9
2064	2	5	1	5
2065	2	5	1	8
2066	2	5	1	1
2067	2	5	1	10
2068	2	5	1	2
2069	2	5	1	8
2070	2	5	1	2
2071	2	5	1	10
2072	2	5	1	1
2073	2	5	1	10
2074	2	5	1	7
2075	2	5	1	1
2076	2	5	1	5
2077	2	5	1	7
2078	2	5	1	1
2079	2	5	1	9
2080	2	5	1	3
2081	2	5	1	7
2082	2	5	1	2
2083	2	5	1	9
2084	2	5	1	4
2085	2	5	1	1
2086	2	5	1	1
2087	2	5	1	9
2088	2	5	1	7
2089	2	5	1	3
2090	2	5	1	3
2091	2	5	1	9
2092	2	5	1	12
2093	2	5	1	6
2094	2	5	1	1
2095	2	5	1	3
2096	2	5	1	2
2097	2	5	1	8
2098	2	5	1	12
2099	2	5	1	1
2100	2	5	1	11
2101	2	5	1	9
2102	2	5	1	2
2103	2	5	1	12
2104	2	5	1	2
2105	2	5	1	1
2106	2	5	1	19
2107	2	5	1	4
2108	2	5	1	2
2109	2	5	1	7
2110	2	5	1	6
2111	2	5	1	2
2112	2	5	1	1
2113	2	5	1	3
2114	2	5	1	5
2115	2	5	1	10
2116	2	5	1	1
2117	2	5	1	2
2118	2	5	1	1
2119	2	5	1	3
2120	2	5	1	1
2121	2	5	1	1
2122	2	5	1	3
2123	2	5	1	7
2124	2	5	1	2
2125	2	5	1	3
2126	2	5	1	6
2127	2	5	1	4
2128	2	5	1	3
2129	2	5	1	6
2130	2	5	1	1
2131	2	5	1	13
2132	2	5	1	4
2133	2	5	1	9
2134	2	5	1	3
2135	2	5	1	8
2136	2	5	1	2
2137	2	5	1	5
2138	2	5	1	2
2139	2	5	1	2
2140	2	5	1	4
2141	2	5	1	6
2142	2	5	1	2
2143	2	5	1	8
2144	2	5	1	1
2145	2	5	1	3
2146	2	5	1	1
2147	2	5	1	7
2148	2	5	1	5
2149	2	5	1	3
2150	2	5	1	1
2151	2	5	1	2
2152	2	5	1	1
2153	2	5	1	1
2154	2	5	1	3
2155	2	5	1	2
2156	2	5	1	1
2157	2	5	1	3
2158	2	5	1	6
2159	2	5	1	1
2160	2	5	1	2
2161	2	5	1	8
2162	2	5	1	4
2163	2	5	1	4
2164	2	5	1	1
2165	2	5	1	1
2166	2	5	1	7
2167	2	5	1	2
2168	2	5	1	3
2169	2	5	1	2
2170	2	5	1	8
2171	2	5	1	2
2172	2	5	1	2
2173	2	5	1	8
2174	2	5	1	1
2175	2	5	1	1
2176	2	5	1	1
2177	2	5	1	1
2178	2	5	1	2
2179	2	5	1	7
2180	2	5	1	1
2181	2	5	1	1
2182	2	5	1	1
2183	2	5	1	1
2184	2	5	1	1
2185	2	5	1	2
2186	2	5	1	1
2187	2	5	1	2
2188	2	5	1	1
2189	2	5	1	1
2190	2	5	1	1
2191	2	5	1	1
2192	2	5	1	5
2193	2	5	1	1
2194	2	5	1	1
2195	2	5	1	2
2196	2	5	1	1
2197	2	5	1	1
2198	2	5	1	1
2199	2	5	1	3
2200	2	5	1	1
2201	2	5	1	1
2202	2	5	1	3
2203	2	5	1	2
2204	2	5	1	2
2205	2	5	1	3
2206	2	5	1	4
2207	2	5	1	2
2208	2	5	1	2
2209	2	5	1	1
2210	2	5	1	1
2211	2	5	1	3
2212	2	5	1	1
2213	2	5	1	2
2214	2	5	1	1
2215	2	5	1	1
2216	2	5	1	1
2217	2	5	1	1
2218	2	5	1	3
2219	2	5	1	2
2220	2	5	1	1
2221	2	5	1	2
2222	2	5	1	2
2223	2	5	1	1
2224	2	5	1	1
2225	2	5	1	2
2226	2	5	1	1
2227	2	5	1	2
2228	2	5	1	2
2229	2	5	1	2
2230	2	5	1	1
2231	2	5	1	1
2232	2	5	1	1
2233	2	5	1	1
2234	2	5	1	1
2235	2	5	1	1
2236	2	5	1	5
2237	2	5	1	1
2238	2	5	1	3
2239	2	5	1	3
2240	2	5	1	10
2241	2	5	1	2
2242	2	5	1	3
2243	2	5	1	1
2244	2	5	1	1
2245	2	5	1	2
2246	2	5	1	1
2247	2	5	1	1
2248	2	5	1	1
2249	2	5	1	2
2250	2	5	1	2
2251	2	5	1	1
2252	2	5	1	1
2253	2	5	1	2
2254	2	5	1	2
2255	2	5	1	1
2256	2	5	1	1
2257	2	5	1	2
2258	2	5	1	1
2259	2	5	1	1
2260	2	5	1	1
2261	2	5	1	1
2262	2	5	1	1
2263	2	5	1	2
2264	1	0	1	256
2265	2	5	1	1
2266	2	5	1	1
2267	2	5	1	1
2268	2	5	1	1
2269	2	5	1	1
2270	2	5	1	19
2271	2	5	1	17
2272	2	5	1	18
2273	2	5	1	3
2274	2	5	1	2
2275	2	5	1	2
2276	2	5	1	2
2277	2	5	1	12
2278	2	5	1	4
2279	2	5	1	2
2280	2	5	1	1
2281	2	5	1	8
2282	2	5	1	1
2283	2	5	1	1
2284	2	5	1	2
2285	2	5	1	16
2286	2	5	1	4
2287	2	5	1	2
2288	2	5	1	19
2289	2	5	1	6
2290	2	5	1	12
2291	2	5	1	1
2292	2	5	1	1
2293	2	5	1	1
2294	2	5	1	1
2295	2	5	1	1
2296	2	5	1	1
2297	2	5	1	1
2298	2	5	1	26
2299	2	5	1	22
2300	2	5	1	14
2301	2	5	1	18
2302	2	5	1	18
2303	2	5	1	15
2304	2	5	1	11
2305	2	5	1	14
2306	2	5	1	18
2307	2	5	1	10
2308	2	5	1	22
2309	2	5	1	16
2310	2	5	1	18
2311	2	5	1	15
2312	2	5	1	15
2313	2	5	1	13
2314	2	5	1	16
2315	2	5	1	23
2316	2	5	1	15
2317	2	5	1	18
2318	2	5	1	11
2319	2	5	1	18
2320	2	5	1	16
2321	2	5	1	13
2322	2	5	1	13
2323	2	5	1	12
2324	2	5	1	12
2325	2	5	1	13
2326	2	5	1	14
2327	2	5	1	10
2328	2	5	1	13
2329	2	5	1	14
2330	2	5	1	24
2331	2	5	1	2
2332	2	5	1	2
2333	2	5	1	1
2334	2	5	1	11
2335	2	5	1	18
2336	2	5	1	2
2337	2	5	1	21
2338	2	5	1	2
2339	2	5	1	3
2340	2	5	1	1
2341	2	5	1	14
2342	2	5	1	15
2343	2	5	1	2
2344	2	5	1	16
2345	2	5	1	20
2346	2	5	1	2
2347	2	5	1	2
2348	2	5	1	15
2349	2	5	1	8
2350	2	5	1	1
2351	2	5	1	15
2352	2	5	1	5
2353	2	5	1	2
2354	2	5	1	2
2355	2	5	1	16
2356	2	5	1	4
2357	2	5	1	1
2358	2	5	1	16
2359	2	5	1	12
2360	2	5	1	1
2361	2	5	1	10
2362	2	5	1	1
2363	2	5	1	15
2364	2	5	1	2
2365	2	5	1	3
2366	2	5	1	11
2367	2	5	1	2
2368	2	5	1	1
2369	2	5	1	17
2370	2	5	1	3
2371	2	5	1	4
2372	2	5	1	13
2373	2	5	1	1
2374	2	5	1	21
2375	2	5	1	14
2376	2	5	1	11
2377	2	5	1	4
2378	2	5	1	17
2379	2	5	1	1
2380	2	5	1	20
2381	2	5	1	7
2382	2	5	1	4
2383	2	5	1	19
2384	2	5	1	4
2385	2	5	1	2
2386	2	5	1	14
2387	2	5	1	4
2388	2	5	1	11
2389	2	5	1	1
2390	2	5	1	4
2391	2	5	1	13
2392	2	5	1	17
2393	2	5	1	4
2394	2	5	1	13
2395	2	5	1	1
2396	2	5	1	1
2397	2	5	1	1
2398	2	5	1	1
2399	2	5	1	1
2400	2	5	1	1
2401	2	5	1	1
2402	2	5	1	1
2403	2	5	1	1
2404	2	5	1	1
2405	2	5	1	1
2406	2	5	1	1
2407	2	5	1	1
2408	2	5	1	1
2409	2	5	1	1
2410	2	5	1	1
2411	2	5	1	1
2412	2	5	1	1
2413	2	5	1	1
2414	2	5	1	1
2415	2	5	1	1
2416	2	5	1	1
2417	2	5	1	1
2418	2	5	1	1
2419	2	5	1	1
2420	2	5	1	1
2421	2	5	1	1
2422	2	5	1	1
2423	2	5	1	1
2424	2	5	1	1
2425	2	5	1	1
2426	2	5	1	1
2427	2	5	1	1
2428	2	5	1	1
2429	2	5	1	1
2430	2	5	1	1
2431	2	5	1	1
2432	2	5	1	17
2433	2	5	1	16
2434	2	5	1	14
2435	2	5	1	17
2436	2	5	1	13
2437	2	5	1	18
2438	2	5	1	16
2439	2	5	1	11
2440	2	5	1	12
2441	2	5	1	13
2442	2	5	1	15
2443	2	5	1	14
2444	2	5	1	21
2445	2	5	1	21
2446	2	5	1	13
2447	2	5	1	15
2448	2	5	1	5
2449	2	5	1	19
2450	2	5	1	24
2451	2	5	1	5
2452	2	5	1	10
2453	2	5	1	19
2454	2	5	1	14
2455	2	5	1	15
2456	2	5	1	9
2457	2	5	1	8
2458	2	5	1	16
2459	2	5	1	16
2460	2	5	1	12
2461	2	5	1	18
2462	2	5	1	20
2463	2	5	1	15
2464	2	5	1	10
2465	2	5	1	12
2466	2	5	1	18
2467	2	5	1	1
2468	2	5	1	1
2469	2	5	1	1
2470	2	5	1	1
2471	2	5	1	1
2472	2	5	1	1
2473	2	5	1	1
2474	2	5	1	1
2475	2	5	1	1
2476	2	5	1	1
2477	2	5	1	1
2478	2	5	1	1
2479	2	5	1	1
2480	2	5	1	1
2481	2	5	1	1
2482	2	5	1	1
2483	2	5	1	1
2484	2	5	1	1
2485	2	5	1	1
2486	2	5	1	1
2487	2	5	1	1
2488	2	5	1	1
2489	2	5	1	1
2490	2	5	1	1
2491	2	5	1	14
2492	2	5	1	1
2493	2	5	1	1
2494	2	5	1	1
2495	2	5	1	1
2496	2	5	1	1
2497	2	5	1	1
2498	2	5	1	1
2499	2	5	1	1
2500	2	5	1	1
2501	2	5	1	1
2502	2	5	1	1
2503	2	5	1	1
2504	2	5	1	7
2505	2	5	1	9
2506	2	5	1	5
2507	2	5	1	11
2508	2	5	1	16
2509	2	5	1	9
2510	2	5	1	14
2511	2	5	1	13
2512	2	5	1	11
2513	2	5	1	6
2514	2	5	1	19
2515	2	5	1	8
2516	2	5	1	11
2517	2	5	1	9
2518	2	5	1	8
2519	2	5	1	7
2520	2	5	1	17
2521	2	5	1	15
2522	2	5	1	8
2523	2	5	1	164
2524	2	5	1	9
2525	2	5	1	2
2526	2	5	1	16
2527	2	5	1	16
2528	2	5	1	8
2529	2	5	1	6
2530	2	5	1	8
2531	2	5	1	14
2532	2	5	1	10
2533	2	5	1	11
2534	2	5	1	13
2535	2	5	1	23
2536	2	5	1	11
2537	2	5	1	10
2538	2	5	1	13
2539	2	5	1	15
2540	2	5	1	11
2541	2	5	1	2
2542	2	5	1	1
2543	2	5	1	11
2544	2	5	1	14
2545	2	5	1	242
2546	2	5	1	239
2547	2	5	1	240
2548	2	5	1	211
2549	2	5	1	241
2550	2	5	1	243
2551	2	5	1	239
2552	2	5	1	241
2553	2	5	1	209
2554	2	5	1	1
2555	2	5	1	1
2556	2	5	1	1
2557	2	5	1	1
2558	2	5	1	1
2559	2	5	1	1
2560	2	5	1	1
2561	2	5	1	1
2562	2	5	1	1
2563	2	5	1	1
2564	2	5	1	1
2565	2	5	1	1
2566	2	5	1	1
2567	2	5	1	1
2568	2	5	1	1
2569	2	5	1	1
2570	2	5	1	1
2571	2	5	1	1
2572	2	5	1	1
2573	2	5	1	1
2574	2	5	1	1
2575	2	5	1	1
2576	2	5	1	1
2577	2	5	1	1
2578	2	5	1	1
2579	2	5	1	1
2580	2	5	1	1
2581	2	5	1	1
2582	2	5	1	1
2583	2	5	1	1
2584	2	5	1	1
2585	2	5	1	1
2586	2	5	1	1
2587	2	5	1	1
2588	2	5	1	1
2589	2	5	1	1
2590	2	5	1	1
2591	2	5	1	1
2592	2	5	1	1
2593	2	5	1	1
2594	2	5	1	1
2595	2	5	1	1
2596	2	5	1	1
2597	2	5	1	1
2598	2	5	1	1
2599	2	5	1	1
2600	2	5	1	1
2601	2	5	1	1
2602	2	5	1	1
2603	2	5	1	1
2604	2	5	1	1
2605	2	5	1	1
2606	2	5	1	1
2607	2	5	1	1
2608	2	5	1	1
2609	2	5	1	1
2610	2	5	1	1
2611	2	5	1	1
2612	2	5	1	1
2613	2	5	1	1
2614	2	5	1	1
2615	2	5	1	1
2616	2	5	1	1
2617	2	5	1	1
2618	2	5	1	1
2619	2	5	1	1
2620	2	5	1	1
2621	2	5	1	1
2622	2	5	1	1
2623	2	5	1	1
2624	2	5	1	1
2625	2	5	1	1
2626	2	5	1	1
2627	2	5	1	1
2628	2	5	1	1
2629	2	5	1	1
2630	2	5	1	1
2631	2	5	1	1
2632	2	5	1	1
2633	2	5	1	1
2634	2	5	1	1
2635	2	5	1	1
2636	2	5	1	1
2637	2	5	1	1
2638	2	5	1	1
2639	2	5	1	1
2640	2	5	1	1
2641	2	5	1	1
2642	2	5	1	1
2643	2	5	1	1
2644	2	5	1	1
2645	2	5	1	1
2646	2	5	1	1
2647	2	5	1	1
2648	2	5	1	1
2649	2	5	1	1
2650	2	5	1	1
2651	2	5	1	1
2652	2	5	1	1
2653	2	5	1	2
2654	2	5	1	1
2655	2	5	1	1
2656	2	5	1	1
2657	2	5	1	1
2658	2	5	1	1
2659	2	5	1	1
2660	2	5	1	1
2661	2	5	1	1
2662	2	5	1	1
2663	2	5	1	1
2664	2	5	1	1
2665	2	5	1	1
2666	2	5	1	1
2667	2	5	1	1
2668	2	5	1	1
2669	2	5	1	1
2670	2	5	1	1
2671	2	5	1	1
2672	2	5	1	1
2673	2	5	1	1
2674	2	5	1	1
2675	2	5	1	1
2676	2	5	1	1
2677	2	5	1	1
2678	2	5	1	1
2679	2	5	1	1
2680	2	5	1	1
2681	2	5	1	1
2682	2	5	1	1
2683	2	5	1	1
2684	2	5	1	1
2685	2	5	1	1
2686	2	5	1	1
2687	2	5	1	1
2688	2	5	1	1
2689	2	5	1	1
2690	2	5	1	1
2691	2	5	1	14
2692	2	5	1	1
2693	2	5	1	1
2694	2	5	1	1
2695	2	5	1	1
2696	2	5	1	1
2697	2	5	1	1
2698	2	5	1	1
2699	2	5	1	1
2700	2	5	1	1
2701	2	5	1	1
2702	2	5	1	1
2703	2	5	1	1
2704	2	5	1	1
2705	2	5	1	1
2706	2	5	1	1
2707	2	5	1	1
2708	2	5	1	1
2709	2	5	1	1
2710	2	5	1	1
2711	2	5	1	1
2712	2	5	1	1
2713	2	5	1	1
2714	2	5	1	1
2715	2	5	1	1
2716	2	5	1	1
2717	2	5	1	1
2718	2	5	1	1
2719	2	5	1	1
2720	2	5	1	1
2721	2	5	1	1
2722	2	5	1	1
2723	2	5	1	2
2724	2	5	1	1
2725	2	5	1	1
2726	2	5	1	1
2727	2	5	1	1
2728	2	5	1	1
2729	2	5	1	1
2730	2	5	1	1
2731	2	5	1	1
2732	2	5	1	1
2733	2	5	1	1
2734	2	5	1	1
2735	2	5	1	1
2736	2	5	1	1
2737	2	5	1	2
2738	2	5	1	1
2739	2	5	1	1
2740	2	5	1	1
2741	2	5	1	3
2742	2	5	1	2
2743	2	5	1	1
2744	2	5	1	2
2745	2	5	1	1
2746	2	5	1	1
2747	2	5	1	1
2748	2	5	1	1
2749	2	5	1	1
2750	2	5	1	1
2751	2	5	1	1
2752	2	5	1	1
2753	2	5	1	1
2754	2	5	1	1
2755	2	5	1	2
2756	2	5	1	1
2757	2	5	1	1
2758	2	5	1	1
2759	2	5	1	1
2760	2	5	1	1
2761	2	5	1	1
2762	2	5	1	1
2763	2	5	1	1
2764	2	5	1	1
2765	2	5	1	1
2766	2	5	1	1
2767	2	5	1	1
2768	2	5	1	1
2769	2	5	1	1
2770	2	5	1	2
2771	2	5	1	1
2772	2	5	1	1
2773	2	5	1	1
2774	2	5	1	1
2775	2	5	1	1
2776	2	5	1	1
2777	2	5	1	1
2778	2	5	1	1
2779	2	5	1	1
2780	2	5	1	1
2781	2	5	1	1
2782	2	5	1	1
2783	2	5	1	1
2784	2	5	1	1
2785	2	5	1	1
2786	2	5	1	2
2787	2	5	1	1
2788	2	5	1	2
2789	2	5	1	1
2790	2	5	1	1
2791	2	5	1	1
2792	2	5	1	1
2793	2	5	1	1
2794	2	5	1	1
2795	2	5	1	1
2796	2	5	1	1
2797	2	5	1	1
2798	2	5	1	1
2799	2	5	1	1
2800	2	5	1	1
2801	2	5	1	1
2802	2	5	1	2
2803	2	5	1	1
2804	2	5	1	1
2805	2	5	1	1
2806	2	5	1	1
2807	2	5	1	1
2808	2	5	1	1
2809	2	5	1	1
